Date,cVol,pVol,tVol,pcRatio
2006-11-01,976510,623929,1600439,0.64
2006-11-02,1032775,628187,1660962,0.61
2006-11-03,959587,611603,1571190,0.64
2006-11-06,941869,521902,1463771,0.55
2006-11-07,1050981,597229,1648210,0.57
2006-11-08,1133823,767897,1901720,0.68
2006-11-09,1232216,750405,1982621,0.61
2006-11-10,639349,505880,1145229,0.79
2006-11-13,1038410,611855,1650265,0.59
2006-11-14,1148397,660989,1809386,0.58
2006-11-15,1291510,665999,1957509,0.52
2006-11-16,1433671,766665,2200336,0.53
2006-11-17,1681265,795461,2476726,0.47
2006-11-20,1149351,619934,1769285,0.54
2006-11-21,1160940,717196,1878136,0.62
2006-11-22,995476,630582,1626058,0.63
2006-11-24,419366,218771,638137,0.52
2006-11-27,1083666,739831,1823497,0.68
2006-11-28,958362,618374,1576736,0.65
2006-11-29,1118236,592235,1710471,0.53
2006-11-30,1108497,642390,1750887,0.58
2006-12-01,1003245,590574,1593819,0.59
2006-12-04,1056500,676096,1732596,0.64
2006-12-05,1073415,606768,1680183,0.57
2006-12-06,1119381,601676,1721057,0.54
2006-12-07,1104592,761228,1865820,0.69
2006-12-08,999365,551857,1551222,0.55
2006-12-11,1081065,612768,1693833,0.57
2006-12-12,1077606,753803,1831409,0.7
2006-12-13,1114386,632839,1747225,0.57
2006-12-14,1255504,564409,1819913,0.45
2006-12-15,1498167,747134,2245301,0.5
2006-12-18,1283115,753818,2036933,0.59
2006-12-19,988652,661923,1650575,0.67
2006-12-20,899598,489606,1389204,0.54
2006-12-21,1128889,503744,1632633,0.45
2006-12-22,570993,376790,947783,0.66
2006-12-26,603286,373894,977180,0.62
2006-12-27,621840,420898,1042738,0.68
2006-12-28,566152,412579,978731,0.73
2006-12-29,810965,434074,1245039,0.54
2007-01-03,1230104,731762,1961866,0.59
2007-01-04,1159836,592701,1752537,0.51
2007-01-05,1157209,687985,1845194,0.59
2007-01-08,972918,691748,1664666,0.71
2007-01-09,1197985,801313,1999298,0.67
2007-01-10,1300113,748542,2048655,0.58
2007-01-11,1356894,735073,2091967,0.54
2007-01-12,1106585,623461,1730046,0.56
2007-01-16,1279841,712538,1992379,0.56
2007-01-17,1233395,674863,1908258,0.55
2007-01-18,1325733,791613,2117346,0.6
2007-01-19,1593515,881479,2474994,0.55
2007-01-22,1088092,675333,1763425,0.62
2007-01-23,1223553,790123,2013676,0.65
2007-01-24,1172057,676577,1848634,0.58
2007-01-25,1073534,758640,1832174,0.71
2007-01-26,912556,599314,1511870,0.66
2007-01-29,940225,566863,1507088,0.6
2007-01-30,920694,622062,1542756,0.68
2007-01-31,1181595,666119,1847714,0.56
2007-02-01,1063501,611213,1674714,0.57
2007-02-02,844658,593475,1438133,0.7
2007-02-05,922313,526401,1448714,0.57
2007-02-06,1038197,568854,1607051,0.55
2007-02-07,943252,614583,1557835,0.65
2007-02-08,1100826,629489,1730315,0.57
2007-02-09,1159975,790774,1950749,0.68
2007-02-12,908986,705041,1614027,0.78
2007-02-13,1016051,753149,1769200,0.74
2007-02-14,1159297,781168,1940465,0.67
2007-02-15,1234529,662125,1896654,0.54
2007-02-16,1360369,750529,2110898,0.55
2007-02-20,1058078,689320,1747398,0.65
2007-02-21,994103,707541,1701644,0.71
2007-02-22,1085809,719998,1805807,0.66
2007-02-23,929758,681539,1611297,0.73
2007-02-26,1050507,785461,1835968,0.75
2007-02-27,1463993,1272649,2736642,0.87
2007-02-28,1228126,896791,2124917,0.73
2007-03-01,1217782,974156,2191938,0.8
2007-03-02,1025999,823520,1849519,0.8
2007-03-05,1046171,1005678,2051849,0.96
2007-03-06,1048674,807723,1856397,0.77
2007-03-07,945086,662472,1607558,0.7
2007-03-08,949126,734382,1683508,0.77
2007-03-09,827622,681651,1509273,0.82
2007-03-12,1053619,794156,1847775,0.75
2007-03-13,1195402,1173126,2368528,0.98
2007-03-14,1224646,1085713,2310359,0.89
2007-03-15,1092637,859862,1952499,0.79
2007-03-16,1184487,995100,2179587,0.84
2007-03-19,1235913,757390,1993303,0.61
2007-03-20,1127249,826445,1953694,0.73
2007-03-21,1204884,798927,2003811,0.66
2007-03-22,1025055,629065,1654120,0.61
2007-03-23,900803,581265,1482068,0.65
2007-03-26,827173,570320,1397493,0.69
2007-03-27,920016,568608,1488624,0.62
2007-03-28,966496,864935,1831431,0.89
2007-03-29,866994,661324,1528318,0.76
2007-03-30,940256,626489,1566745,0.67
2007-04-02,914105,576518,1490623,0.63
2007-04-03,1004292,666087,1670379,0.66
2007-04-04,883506,649560,1533066,0.74
2007-04-05,1162716,633799,1796515,0.55
2007-04-09,1035633,636388,1672021,0.61
2007-04-10,953731,660609,1614340,0.69
2007-04-11,1024356,706506,1730862,0.69
2007-04-12,1041100,755263,1796363,0.73
2007-04-13,1031074,687140,1718214,0.67
2007-04-16,1394652,783077,2177729,0.56
2007-04-17,1301619,878412,2180031,0.67
2007-04-18,1453399,787825,2241224,0.54
2007-04-19,1461941,905261,2367202,0.62
2007-04-20,1788062,895237,2683299,0.5
2007-04-23,1349659,779191,2128850,0.58
2007-04-24,1217618,884163,2101781,0.73
2007-04-25,1470190,887804,2357994,0.6
2007-04-26,1569953,945099,2515052,0.6
2007-04-27,1277940,735370,2013310,0.58
2007-04-30,1185377,760393,1945770,0.64
2007-05-01,1116403,816240,1932643,0.73
2007-05-02,1226082,686277,1912359,0.56
2007-05-03,1209303,792378,2001681,0.66
2007-05-04,1494194,812502,2306696,0.54
2007-05-07,1455319,660655,2115974,0.45
2007-05-08,1231348,742221,1973569,0.6
2007-05-09,1419004,756047,2175051,0.53
2007-05-10,1195255,816133,2011388,0.68
2007-05-11,1079230,673958,1753188,0.62
2007-05-14,1331131,672860,2003991,0.51
2007-05-15,1299945,823354,2123299,0.63
2007-05-16,1172298,823242,1995540,0.7
2007-05-17,1331813,652666,1984479,0.49
2007-05-18,1619359,829946,2449305,0.51
2007-05-21,1474992,817080,2292072,0.55
2007-05-22,1361135,821566,2182701,0.6
2007-05-23,1178752,789629,1968381,0.67
2007-05-24,1155240,769041,1924281,0.67
2007-05-25,857336,470678,1328014,0.55
2007-05-29,863991,496827,1360818,0.58
2007-05-30,1050146,685966,1736112,0.65
2007-05-31,1301206,664097,1965303,0.51
2007-06-01,1101483,554033,1655516,0.5
2007-06-04,1062898,557828,1620726,0.52
2007-06-05,1160539,732661,1893200,0.63
2007-06-06,1146512,710027,1856539,0.62
2007-06-07,1349399,972630,2322029,0.72
2007-06-08,1080223,649958,1730181,0.6
2007-06-11,1048514,746830,1795344,0.71
2007-06-12,1269153,831553,2100706,0.66
2007-06-13,1138485,659703,1798188,0.58
2007-06-14,1307836,696351,2004187,0.53
2007-06-15,1605445,763387,2368832,0.48
2007-06-18,1106690,641857,1748547,0.58
2007-06-19,1146946,715978,1862924,0.62
2007-06-20,1081439,679108,1760547,0.63
2007-06-21,1037282,635198,1672480,0.61
2007-06-22,931566,582187,1513753,0.62
2007-06-25,818848,618777,1437625,0.76
2007-06-26,939473,666175,1605648,0.71
2007-06-27,997223,646943,1644166,0.65
2007-06-28,991567,588401,1579968,0.59
2007-06-29,935333,608090,1543423,0.65
2007-07-02,937826,503488,1441314,0.54
2007-07-03,689780,404522,1094302,0.59
2007-07-05,1023507,567185,1590692,0.55
2007-07-06,932316,493053,1425369,0.53
2007-07-09,1111094,574650,1685744,0.52
2007-07-10,1215241,719509,1934750,0.59
2007-07-11,1209083,686541,1895624,0.57
2007-07-12,1657753,800516,2458269,0.48
2007-07-13,1442207,725263,2167470,0.5
2007-07-16,1386823,745058,2131881,0.54
2007-07-17,1451649,874240,2325889,0.6
2007-07-18,1483245,1081957,2565202,0.73
2007-07-19,1727252,929921,2657173,0.54
2007-07-20,1890521,1300745,3191266,0.69
2007-07-23,1476963,803337,2280300,0.54
2007-07-24,1466865,1153219,2620084,0.79
2007-07-25,1502520,965597,2468117,0.64
2007-07-26,1663605,1421333,3084938,0.85
2007-07-27,1371369,1060832,2432201,0.77
2007-07-30,1299230,922866,2222096,0.71
2007-07-31,1426469,1027279,2453748,0.72
2007-08-01,1387278,1212664,2599942,0.87
2007-08-02,1334467,1026747,2361214,0.77
2007-08-03,1338200,1064765,2402965,0.8
2007-08-06,1400865,1174113,2574978,0.84
2007-08-07,1394415,958341,2352756,0.69
2007-08-08,1744508,1065151,2809659,0.61
2007-08-09,1544053,1000455,2544508,0.65
2007-08-10,1719291,1036221,2755512,0.6
2007-08-13,1136918,803886,1940804,0.71
2007-08-14,992856,1047873,2040729,1.06
2007-08-15,1173424,1235861,2409285,1.05
2007-08-16,1752689,1773571,3526260,1.01
2007-08-17,1753295,1301896,3055191,0.74
2007-08-20,1180297,714534,1894831,0.61
2007-08-21,1055441,650116,1705557,0.62
2007-08-22,1221559,755042,1976601,0.62
2007-08-23,881783,623869,1505652,0.71
2007-08-24,800800,543989,1344789,0.68
2007-08-27,884415,604723,1489138,0.68
2007-08-28,949359,823054,1772413,0.87
2007-08-29,951733,650406,1602139,0.68
2007-08-30,873898,569130,1443028,0.65
2007-08-31,779261,504601,1283862,0.65
2007-09-04,1096387,738830,1835217,0.67
2007-09-05,1160782,832397,1993179,0.72
2007-09-06,876945,546842,1423787,0.62
2007-09-07,919498,703590,1623088,0.77
2007-09-10,851890,667665,1519555,0.78
2007-09-11,895250,748339,1643589,0.84
2007-09-12,1020899,593356,1614255,0.58
2007-09-13,966560,592279,1558839,0.61
2007-09-14,908511,574968,1483479,0.63
2007-09-17,881059,573476,1454535,0.65
2007-09-18,1348807,934676,2283483,0.69
2007-09-19,1642571,951737,2594308,0.58
2007-09-20,1252165,705351,1957516,0.56
2007-09-21,1521591,805154,2326745,0.53
2007-09-24,1222414,743443,1965857,0.61
2007-09-25,1111547,832450,1943997,0.75
2007-09-26,1198924,717134,1916058,0.6
2007-09-27,1113878,647098,1760976,0.58
2007-09-28,889356,692975,1582331,0.78
2007-10-01,1119022,633781,1752803,0.57
2007-10-02,1225890,810191,2036081,0.66
2007-10-03,1092924,637006,1729930,0.58
2007-10-04,1259940,624588,1884528,0.5
2007-10-05,1130305,637207,1767512,0.56
2007-10-08,950464,498584,1449048,0.52
2007-10-09,1332121,816955,2149076,0.61
2007-10-10,1309421,730723,2040144,0.56
2007-10-11,1804867,1084417,2889284,0.6
2007-10-12,1609905,908216,2518121,0.56
2007-10-15,1475006,778702,2253708,0.53
2007-10-16,1426924,1068330,2495254,0.75
2007-10-17,1689623,1126876,2816499,0.67
2007-10-18,1775711,930835,2706546,0.52
2007-10-19,1859772,1360719,3220491,0.73
2007-10-22,1404675,933073,2337748,0.66
2007-10-23,1431696,918852,2350548,0.64
2007-10-24,1348644,979204,2327848,0.73
2007-10-25,1190094,909902,2099996,0.76
2007-10-26,1561917,828776,2390693,0.53
2007-10-29,1329763,758841,2088604,0.57
2007-10-30,1120683,942717,2063400,0.84
2007-10-31,1663140,746529,2409669,0.45
2007-11-01,1458838,986693,2445531,0.68
2007-11-02,1355405,947257,2302662,0.7
2007-11-05,1317923,888547,2206470,0.67
2007-11-06,1532786,1089080,2621866,0.71
2007-11-07,1532867,1033652,2566519,0.67
2007-11-08,1819598,1505744,3325342,0.83
2007-11-09,1381627,992718,2374345,0.72
2007-11-12,1927681,1141568,3069249,0.59
2007-11-13,1544277,1311050,2855327,0.85
2007-11-14,1439510,898741,2338251,0.62
2007-11-15,1186207,944825,2131032,0.8
2007-11-16,1369644,1358457,2728101,0.99
2007-11-19,1203511,791460,1994971,0.66
2007-11-20,1407304,1107824,2515128,0.79
2007-11-21,1068872,876930,1945802,0.82
2007-11-23,530007,287627,817634,0.54
2007-11-26,1117055,777972,1895027,0.7
2007-11-27,1911996,1045342,2957338,0.55
2007-11-28,1501673,848505,2350178,0.57
2007-11-29,1147632,678326,1825958,0.59
2007-11-30,1146285,778126,1924411,0.68
2007-12-03,897288,554351,1451639,0.62
2007-12-04,1016081,887693,1903774,0.87
2007-12-05,1071003,675771,1746774,0.63
2007-12-06,1235003,675128,1910131,0.55
2007-12-07,998449,599927,1598376,0.6
2007-12-10,1055938,722249,1778187,0.68
2007-12-11,1253059,992824,2245883,0.79
2007-12-12,1293283,874925,2168208,0.68
2007-12-13,1100101,811075,1911176,0.74
2007-12-14,1042011,643156,1685167,0.62
2007-12-17,1133282,721404,1854686,0.64
2007-12-18,1289770,993053,2282823,0.77
2007-12-19,1154627,816768,1971395,0.71
2007-12-20,2266397,948198,3214595,0.42
2007-12-21,1548653,998615,2547268,0.64
2007-12-24,639971,458002,1097973,0.72
2007-12-26,862958,567624,1430582,0.66
2007-12-27,923330,556422,1479752,0.6
2007-12-28,936505,528559,1465064,0.56
2007-12-31,861127,581057,1442184,0.67
2008-01-02,1047459,818971,1866430,0.78
2008-01-03,1164859,830272,1995131,0.71
2008-01-04,1833058,1123843,2956901,0.61
2008-01-07,1283956,996429,2280385,0.78
2008-01-08,1391811,1354459,2746270,0.97
2008-01-09,1686205,1261271,2947476,0.75
2008-01-10,1624753,1124761,2749514,0.69
2008-01-11,1501985,1068863,2570848,0.71
2008-01-14,1300604,905704,2206308,0.7
2008-01-15,1514259,1588729,3102988,1.05
2008-01-16,1670219,1450336,3120555,0.87
2008-01-17,1563319,1545183,3108502,0.99
2008-01-18,1689111,1671608,3360719,0.99
2008-01-22,1650001,1210035,2860036,0.73
2008-01-23,2022956,1515883,3538839,0.75
2008-01-24,1756715,1030690,2787405,0.59
2008-01-25,1334453,894457,2228910,0.67
2008-01-28,1090714,703431,1794145,0.64
2008-01-29,1304678,853281,2157959,0.65
2008-01-30,1388854,866641,2255495,0.62
2008-01-31,1420126,994553,2414679,0.7
2008-02-01,1655910,926413,2582323,0.56
2008-02-04,1100721,752086,1852807,0.68
2008-02-05,1169153,1102497,2271650,0.94
2008-02-06,1106316,885085,1991401,0.8
2008-02-07,1251116,1101549,2352665,0.88
2008-02-08,1025314,811140,1836454,0.79
2008-02-11,1164587,789834,1954421,0.68
2008-02-12,1368634,1073893,2442527,0.78
2008-02-13,1083169,815995,1899164,0.75
2008-02-14,1128694,834505,1963199,0.74
2008-02-15,1254792,975000,2229792,0.78
2008-02-19,1262963,843204,2106167,0.67
2008-02-20,1105864,774172,1880036,0.7
2008-02-21,1024261,709348,1733609,0.69
2008-02-22,921121,771956,1693077,0.84
2008-02-25,1047599,682566,1730165,0.65
2008-02-26,1173488,940009,2113497,0.8
2008-02-27,1050971,775979,1826950,0.74
2008-02-28,997910,958602,1956512,0.96
2008-02-29,1031151,870766,1901917,0.84
2008-03-03,1066089,845347,1911436,0.79
2008-03-04,1189930,1141182,2331112,0.96
2008-03-05,1037764,703561,1741325,0.68
2008-03-06,990828,1109591,2100419,1.12
2008-03-07,1145830,1056101,2201931,0.92
2008-03-10,1055402,1051758,2107160,1.0
2008-03-11,1325081,1174964,2500045,0.89
2008-03-12,1168372,976710,2145082,0.84
2008-03-13,1270533,1047530,2318063,0.82
2008-03-14,1178150,1365552,2543702,1.16
2008-03-17,1351521,1814313,3165834,1.34
2008-03-18,1678548,1317287,2995835,0.78
2008-03-19,1551367,1392187,2943554,0.9
2008-03-20,1815036,1467874,3282910,0.81
2008-03-24,1575484,991208,2566692,0.63
2008-03-25,1219736,938317,2158053,0.77
2008-03-26,1207437,930997,2138434,0.77
2008-03-27,1064793,901768,1966561,0.85
2008-03-28,889802,763764,1653566,0.86
2008-03-31,880437,748399,1628836,0.85
2008-04-01,1292552,1041654,2334206,0.81
2008-04-02,1181232,923507,2104739,0.78
2008-04-03,1063288,867830,1931118,0.82
2008-04-04,1090589,888857,1979446,0.82
2008-04-07,1261082,937309,2198391,0.74
2008-04-08,937309,840947,1778256,0.9
2008-04-09,957134,859679,1816813,0.9
2008-04-10,1115495,882401,1997896,0.79
2008-04-11,1156445,1035391,2191836,0.9
2008-04-14,1062214,904620,1966834,0.85
2008-04-15,1103053,1040621,2143674,0.94
2008-04-16,1523812,1102020,2625832,0.72
2008-04-17,1364348,1024573,2388921,0.75
2008-04-18,2074614,1223920,3298534,0.59
2008-04-21,1437746,859213,2296959,0.6
2008-04-22,1431134,949162,2380296,0.66
2008-04-23,1297079,907144,2204223,0.7
2008-04-24,1485218,987812,2473030,0.67
2008-04-25,1286873,935163,2222036,0.73
2008-04-28,1081649,715552,1797201,0.66
2008-04-29,1184337,978921,2163258,0.83
2008-04-30,1279350,838444,2117794,0.66
2008-05-01,1625225,936186,2561411,0.58
2008-05-02,1463659,914771,2378430,0.62
2008-05-05,1459412,967118,2426530,0.66
2008-05-06,1694944,971356,2666300,0.57
2008-05-07,1532500,1016116,2548616,0.66
2008-05-08,1379222,827643,2206865,0.6
2008-05-09,1166467,815717,1982184,0.7
2008-05-12,1475590,970195,2445785,0.66
2008-05-13,1574325,945252,2519577,0.6
2008-05-14,1639066,1018269,2657335,0.62
2008-05-15,1665011,986604,2651615,0.59
2008-05-16,1832609,1075511,2908120,0.59
2008-05-19,1646289,918074,2564363,0.56
2008-05-20,1264438,884310,2148748,0.7
2008-05-21,1400279,1107649,2507928,0.79
2008-05-22,1176044,735328,1911372,0.63
2008-05-23,1161498,830802,1992300,0.72
2008-05-27,1029808,675743,1705551,0.66
2008-05-28,1207365,748538,1955903,0.62
2008-05-29,1296524,864347,2160871,0.67
2008-05-30,1096856,649606,1746462,0.59
2008-06-02,1092911,825569,1918480,0.76
2008-06-03,1308822,1040584,2349406,0.8
2008-06-04,1241962,943398,2185360,0.76
2008-06-05,1470027,941644,2411671,0.64
2008-06-06,1528100,1161267,2689367,0.76
2008-06-09,1588449,1243178,2831627,0.78
2008-06-10,1317130,1071254,2388384,0.81
2008-06-11,1426996,1208661,2635657,0.85
2008-06-12,1683010,1302295,2985305,0.77
2008-06-13,1578395,1195919,2774314,0.76
2008-06-16,1397311,1130013,2527324,0.81
2008-06-17,1417831,1065394,2483225,0.75
2008-06-18,1484228,1279325,2763553,0.86
2008-06-19,1818519,1384975,3203494,0.76
2008-06-20,1725837,1582696,3308533,0.92
2008-06-23,1602539,1045996,2648535,0.65
2008-06-24,1268171,892176,2160347,0.7
2008-06-25,1502525,1066269,2568794,0.71
2008-06-26,1579838,1244666,2824504,0.79
2008-06-27,1364226,1108971,2473197,0.81
2008-06-30,1256051,966644,2222695,0.77
2008-07-01,1530534,1231636,2762170,0.8
2008-07-02,1686747,1194110,2880857,0.71
2008-07-03,1032849,879981,1912830,0.85
2008-07-07,1521946,1365111,2887057,0.9
2008-07-08,1906513,1402387,3308900,0.74
2008-07-09,1479884,1237598,2717482,0.84
2008-07-10,1601147,1490108,3091255,0.93
2008-07-11,1850800,1681920,3532720,0.91
2008-07-14,1514073,1405153,2919226,0.93
2008-07-15,1905654,1797457,3703111,0.94
2008-07-16,2073655,1609915,3683570,0.78
2008-07-17,2449612,1823778,4273390,0.74
2008-07-18,2053123,1470599,3523722,0.72
2008-07-21,1768964,1235915,3004879,0.7
2008-07-22,1865392,1437208,3302600,0.77
2008-07-23,2142589,1389064,3531653,0.65
2008-07-24,1682968,1373749,3056717,0.82
2008-07-25,1278952,939700,2218652,0.73
2008-07-28,1188889,947144,2136033,0.8
2008-07-29,1651151,1122179,2773330,0.68
2008-07-30,1805087,1293000,3098087,0.72
2008-07-31,1653225,1207365,2860590,0.73
2008-08-01,1969569,1684730,3654299,0.86
2008-08-04,1214331,871108,2085439,0.72
2008-08-05,1833655,1146763,2980418,0.63
2008-08-06,1395087,1021884,2416971,0.73
2008-08-07,1317219,1096082,2413301,0.83
2008-08-08,1537813,910645,2448458,0.59
2008-08-11,1668432,1135115,2803547,0.68
2008-08-12,1505822,1099650,2605472,0.73
2008-08-13,1479094,1058376,2537470,0.72
2008-08-14,1369339,953508,2322847,0.7
2008-08-15,1561722,1017353,2579075,0.65
2008-08-18,1184562,899213,2083775,0.76
2008-08-19,1008757,882711,1891468,0.88
2008-08-20,1142776,794411,1937187,0.7
2008-08-21,988313,647284,1635597,0.65
2008-08-22,954718,567786,1522504,0.59
2008-08-25,721153,510353,1231506,0.71
2008-08-26,832937,669626,1502563,0.8
2008-08-27,909472,628672,1538144,0.69
2008-08-28,1069675,771941,1841616,0.72
2008-08-29,764000,543560,1307560,0.71
2008-09-02,1237480,855129,2092609,0.69
2008-09-03,1373289,933331,2306620,0.68
2008-09-04,1440928,1135145,2576073,0.79
2008-09-05,1410026,1103579,2513605,0.78
2008-09-08,1764118,1359159,3123277,0.77
2008-09-09,1640945,1636900,3277845,1.0
2008-09-10,1488897,1269227,2758124,0.85
2008-09-11,1787802,1487736,3275538,0.83
2008-09-12,1727538,1547842,3275380,0.9
2008-09-15,1342619,1584395,2927014,1.18
2008-09-16,1783956,1671688,3455644,0.94
2008-09-17,1852950,1824140,3677090,0.98
2008-09-18,2259042,1821459,4080501,0.81
2008-09-19,2421983,1241857,3663840,0.51
2008-09-22,1382320,1005732,2388052,0.73
2008-09-23,1193075,912294,2105369,0.76
2008-09-24,1010855,721281,1732136,0.71
2008-09-25,1320908,828195,2149103,0.63
2008-09-26,1185821,971227,2157048,0.82
2008-09-29,1293507,1022631,2316138,0.79
2008-09-30,1252444,908952,2161396,0.73
2008-10-01,1338897,1059921,2398818,0.79
2008-10-02,1399107,1283002,2682109,0.92
2008-10-03,1574755,1156113,2730868,0.73
2008-10-06,1902376,1835224,3737600,0.96
2008-10-07,1460722,1388645,2849367,0.95
2008-10-08,1769555,1584168,3353723,0.9
2008-10-09,1478394,1567000,3045394,1.06
2008-10-10,1913759,1952805,3866564,1.02
2008-10-13,1596842,1109383,2706225,0.69
2008-10-14,1578044,1275653,2853697,0.81
2008-10-15,1386063,1256060,2642123,0.91
2008-10-16,1477834,1387342,2865176,0.94
2008-10-17,1535165,1260237,2795402,0.82
2008-10-20,1265425,795504,2060929,0.63
2008-10-21,1109227,855276,1964503,0.77
2008-10-22,1179583,1059873,2239456,0.9
2008-10-23,1231525,1132454,2363979,0.92
2008-10-24,1120310,1098829,2219139,0.98
2008-10-27,873685,715387,1589072,0.82
2008-10-28,1408736,952870,2361606,0.68
2008-10-29,1477290,866574,2343864,0.59
2008-10-30,1333112,914332,2247444,0.69
2008-10-31,1273050,953718,2226768,0.75
2008-11-03,1075939,812211,1888150,0.75
2008-11-04,1443728,1019296,2463024,0.71
2008-11-05,1379412,1114328,2493740,0.81
2008-11-06,1193339,1216186,2409525,1.02
2008-11-07,927288,701379,1628667,0.76
2008-11-10,884205,826201,1710406,0.93
2008-11-11,1038145,994468,2032613,0.96
2008-11-12,1104410,1085539,2189949,0.98
2008-11-13,1726252,1601226,3327478,0.93
2008-11-14,1095108,904487,1999595,0.83
2008-11-17,984340,850733,1835073,0.86
2008-11-18,1151512,1087598,2239110,0.94
2008-11-19,1211029,1408842,2619871,1.16
2008-11-20,1446741,1517393,2964134,1.05
2008-11-21,1619871,1826536,3446407,1.13
2008-11-24,1592804,900475,2493279,0.57
2008-11-25,1158691,805525,1964216,0.7
2008-11-26,1149658,739983,1889641,0.64
2008-11-28,512694,368653,881347,0.72
2008-12-01,949646,846185,1795831,0.89
2008-12-02,1080821,809333,1890154,0.75
2008-12-03,1070178,791719,1861897,0.74
2008-12-04,1008848,814555,1823403,0.81
2008-12-05,1291605,804061,2095666,0.62
2008-12-08,1577244,1154106,2731350,0.73
2008-12-09,1189758,884384,2074142,0.74
2008-12-10,1083758,832206,1915964,0.77
2008-12-11,1074766,902809,1977575,0.84
2008-12-12,925457,853638,1779095,0.92
2008-12-15,736447,650082,1386529,0.88
2008-12-16,1308821,946344,2255165,0.72
2008-12-17,1343204,858151,2201355,0.64
2008-12-18,1230926,999652,2230578,0.81
2008-12-19,1220776,838342,2059118,0.69
2008-12-22,853601,580821,1434422,0.68
2008-12-23,836232,402758,1238990,0.48
2008-12-24,295739,193142,488881,0.65
2008-12-26,429376,278407,707783,0.65
2008-12-29,727955,449706,1177661,0.62
2008-12-30,798956,497416,1296372,0.62
2008-12-31,791300,481515,1272815,0.61
2009-01-02,964210,638643,1602853,0.66
2009-01-05,1307047,878373,2185420,0.67
2009-01-06,1474737,1075719,2550456,0.73
2009-01-07,1132997,1135307,2268304,1.0
2009-01-08,1099483,979449,2078932,0.89
2009-01-09,1096044,950303,2046347,0.87
2009-01-12,1125670,1119174,2244844,0.99
2009-01-13,1163243,1075534,2238777,0.92
2009-01-14,1282889,1256710,2539599,0.98
2009-01-15,1723452,1730207,3453659,1.0
2009-01-16,1682537,1377134,3059671,0.82
2009-01-20,1509550,1353709,2863259,0.9
2009-01-21,1399180,1115623,2514803,0.8
2009-01-22,1477597,1116828,2594425,0.76
2009-01-23,1453233,989170,2442403,0.68
2009-01-26,1240524,818344,2058868,0.66
2009-01-27,1121552,759502,1881054,0.68
2009-01-28,1447189,895809,2342998,0.62
2009-01-29,1023529,910111,1933640,0.89
2009-01-30,1052450,916067,1968517,0.87
2009-02-02,1114338,841196,1955534,0.75
2009-02-03,1119821,860276,1980097,0.77
2009-02-04,1234221,966799,2201020,0.78
2009-02-05,1532511,1120016,2652527,0.73
2009-02-06,1625078,952887,2577965,0.59
2009-02-09,1323210,839517,2162727,0.63
2009-02-10,1415864,1076257,2492121,0.76
2009-02-11,1107140,892960,2000100,0.81
2009-02-12,1172941,1039968,2212909,0.89
2009-02-13,947296,700021,1647317,0.74
2009-02-17,1194461,1133739,2328200,0.95
2009-02-18,1196297,1060224,2256521,0.89
2009-02-19,1247849,1190871,2438720,0.95
2009-02-20,1924048,1594599,3518647,0.83
2009-02-23,1336108,1063709,2399817,0.8
2009-02-24,1476645,941104,2417749,0.64
2009-02-25,1243804,803362,2047166,0.65
2009-02-26,1282372,840644,2123016,0.66
2009-02-27,1328906,917345,2246251,0.69
2009-03-02,1321989,1136676,2458665,0.86
2009-03-03,1191603,941209,2132812,0.79
2009-03-04,1448246,1211685,2659931,0.84
2009-03-05,1352091,1216788,2568879,0.9
2009-03-06,1416349,1175214,2591563,0.83
2009-03-09,1273119,778499,2051618,0.61
2009-03-10,1720985,984989,2705974,0.57
2009-03-11,1518907,998908,2517815,0.66
2009-03-12,1712447,1052783,2765230,0.61
2009-03-13,1542737,935321,2478058,0.61
2009-03-16,1834848,1273360,3108208,0.69
2009-03-17,1586340,1053744,2640084,0.66
2009-03-18,2578948,1404566,3983514,0.54
2009-03-19,2299602,1302202,3601804,0.57
2009-03-20,1868126,1357148,3225274,0.73
2009-03-23,2179719,1122830,3302549,0.52
2009-03-24,1544063,958177,2502240,0.62
2009-03-25,1493215,954897,2448112,0.64
2009-03-26,1434339,956087,2390426,0.67
2009-03-27,1058639,785890,1844529,0.74
2009-03-30,1206714,932949,2139663,0.77
2009-03-31,1219278,801718,2020996,0.66
2009-04-01,1273442,899564,2173006,0.71
2009-04-02,2099113,1240331,3339444,0.59
2009-04-03,1509298,1017119,2526417,0.67
2009-04-06,1245974,844363,2090337,0.68
2009-04-07,1302366,1044978,2347344,0.8
2009-04-08,1407934,923585,2331519,0.66
2009-04-09,2305816,1298196,3604012,0.56
2009-04-13,2393405,1219880,3613285,0.51
2009-04-14,2553851,1455699,4009550,0.57
2009-04-15,1972587,1193465,3166052,0.61
2009-04-16,2460787,1471547,3932334,0.6
2009-04-17,2958517,1640222,4598739,0.55
2009-04-20,2103068,1670702,3773770,0.79
2009-04-21,1847620,1228829,3076449,0.67
2009-04-22,1934572,1240446,3175018,0.64
2009-04-23,1526897,1112740,2639637,0.73
2009-04-24,1727367,1157182,2884549,0.67
2009-04-27,1738970,1133861,2872831,0.65
2009-04-28,1549898,1131795,2681693,0.73
2009-04-29,1564781,982088,2546869,0.63
2009-04-30,1804634,1153306,2957940,0.64
2009-05-01,1371791,832069,2203860,0.61
2009-05-04,2063476,1122302,3185778,0.54
2009-05-05,1758167,1030504,2788671,0.59
2009-05-06,2633006,1540412,4173418,0.59
2009-05-07,2708646,1819998,4528644,0.67
2009-05-08,2395502,1477550,3873052,0.62
2009-05-11,1845898,1164357,3010255,0.63
2009-05-12,2061626,1384425,3446051,0.67
2009-05-13,2019107,1351616,3370723,0.67
2009-05-14,1830615,1130694,2961309,0.62
2009-05-15,1898642,1197239,3095881,0.63
2009-05-18,1666226,918223,2584449,0.55
2009-05-19,1533396,956195,2489591,0.62
2009-05-20,1816015,1152230,2968245,0.63
2009-05-21,1408335,1126158,2534493,0.8
2009-05-22,1167822,736827,1904649,0.63
2009-05-26,1475386,798595,2273981,0.54
2009-05-27,1375594,979443,2355037,0.71
2009-05-28,1569223,960797,2530020,0.61
2009-05-29,1385999,876896,2262895,0.63
2009-06-01,2093135,1177181,3270316,0.56
2009-06-02,1524087,961264,2485351,0.63
2009-06-03,1319046,1003668,2322714,0.76
2009-06-04,1445426,910306,2355732,0.63
2009-06-05,1436167,861078,2297245,0.6
2009-06-08,1176544,883672,2060216,0.75
2009-06-09,1358635,899132,2257767,0.66
2009-06-10,1436674,1036557,2473231,0.72
2009-06-11,1756471,965395,2721866,0.55
2009-06-12,1436654,934771,2371425,0.65
2009-06-15,1617341,967507,2584848,0.6
2009-06-16,1389736,1108844,2498580,0.8
2009-06-17,1722387,1533641,3256028,0.89
2009-06-18,1490271,1144535,2634806,0.77
2009-06-19,2002246,1299064,3301310,0.65
2009-06-22,1410091,1021430,2431521,0.72
2009-06-23,1238206,948975,2187181,0.77
2009-06-24,1186068,736978,1923046,0.62
2009-06-25,1093439,818402,1911841,0.75
2009-06-26,945218,668993,1614211,0.71
2009-06-29,865313,626463,1491776,0.72
2009-06-30,919621,759518,1679139,0.83
2009-07-01,883391,648482,1531873,0.73
2009-07-02,988877,707096,1695973,0.72
2009-07-06,1129520,824841,1954361,0.73
2009-07-07,1083593,931619,2015212,0.86
2009-07-08,1407033,1208051,2615084,0.86
2009-07-09,1013219,803621,1816840,0.79
2009-07-10,1018148,783471,1801619,0.77
2009-07-13,1350760,925748,2276508,0.69
2009-07-14,1223391,947394,2170785,0.77
2009-07-15,2136914,1313043,3449957,0.61
2009-07-16,1993617,1209800,3203417,0.61
2009-07-17,2484464,1423685,3908149,0.57
2009-07-20,1990230,1197386,3187616,0.6
2009-07-21,1544718,942693,2487411,0.61
2009-07-22,1393927,942481,2336408,0.68
2009-07-23,1912221,1269858,3182079,0.66
2009-07-24,1299828,1014072,2313900,0.78
2009-07-27,1310069,705151,2015220,0.54
2009-07-28,1493096,948721,2441817,0.64
2009-07-29,1407056,873706,2280762,0.62
2009-07-30,2277048,1150810,3427858,0.51
2009-07-31,1281375,835845,2117220,0.65
2009-08-03,1616843,997889,2614732,0.62
2009-08-04,1531070,881340,2412410,0.58
2009-08-05,2083614,1073078,3156692,0.52
2009-08-06,1661167,1104430,2765597,0.66
2009-08-07,2219243,1083940,3303183,0.49
2009-08-10,1431739,806445,2238184,0.56
2009-08-11,1673499,1078042,2751541,0.64
2009-08-12,1516281,912805,2429086,0.6
2009-08-13,1639190,833766,2472956,0.51
2009-08-14,1357174,806399,2163573,0.59
2009-08-17,1366925,964779,2331704,0.71
2009-08-18,1374442,866931,2241373,0.63
2009-08-19,1584221,982897,2567118,0.62
2009-08-20,1861175,936086,2797261,0.5
2009-08-21,2498097,974371,3472468,0.39
2009-08-24,2001850,1042470,3044320,0.52
2009-08-25,1477666,878808,2356474,0.59
2009-08-26,1246492,802057,2048549,0.64
2009-08-27,1688124,996694,2684818,0.59
2009-08-28,1762584,1020595,2783179,0.58
2009-08-31,1278630,804287,2082917,0.63
2009-09-01,1817293,1245931,3063224,0.69
2009-09-02,1451183,1000321,2451504,0.69
2009-09-03,1304042,778743,2082785,0.6
2009-09-04,1156758,683945,1840703,0.59
2009-09-08,1514364,886121,2400485,0.59
2009-09-09,1559424,837241,2396665,0.54
2009-09-10,1562138,958184,2520322,0.61
2009-09-11,1570454,959692,2530146,0.61
2009-09-14,1678649,927960,2606609,0.55
2009-09-15,2189350,1234886,3424236,0.56
2009-09-16,2656900,1212858,3869758,0.46
2009-09-17,2656069,1398624,4054693,0.53
2009-09-18,2064164,1159613,3223777,0.56
2009-09-21,1476297,943434,2419731,0.64
2009-09-22,1645037,904148,2549185,0.55
2009-09-23,2069855,1249028,3318883,0.6
2009-09-24,1468348,1049246,2517594,0.71
2009-09-25,1284158,742663,2026821,0.58
2009-09-28,942097,560561,1502658,0.6
2009-09-29,1134984,692236,1827220,0.61
2009-09-30,1348669,989954,2338623,0.73
2009-10-01,1484020,1090378,2574398,0.73
2009-10-02,1516940,1293644,2810584,0.85
2009-10-05,1284856,716008,2000864,0.56
2009-10-06,1763206,849576,2612782,0.48
2009-10-07,1368857,698659,2067516,0.51
2009-10-08,1807979,955037,2763016,0.53
2009-10-09,1421779,783115,2204894,0.55
2009-10-12,1406386,781538,2187924,0.56
2009-10-13,1591512,895782,2487294,0.56
2009-10-14,2199276,1029066,3228342,0.47
2009-10-15,2229907,1030774,3260681,0.46
2009-10-16,2446545,1332022,3778567,0.54
2009-10-19,1719103,1046607,2765710,0.61
2009-10-20,1490628,1002671,2493299,0.67
2009-10-21,1882869,1042039,2924908,0.55
2009-10-22,1517159,911992,2429151,0.6
2009-10-23,1383381,879095,2262476,0.64
2009-10-26,1536955,993788,2530743,0.65
2009-10-27,1400414,868110,2268524,0.62
2009-10-28,1682297,1164893,2847190,0.69
2009-10-29,1437819,763740,2201559,0.53
2009-10-30,1453948,1158644,2612592,0.8
2009-11-02,1571420,1241901,2813321,0.79
2009-11-03,1342752,932373,2275125,0.69
2009-11-04,1458620,836696,2295316,0.57
2009-11-05,1280040,813108,2093148,0.64
2009-11-06,1173402,746176,1919578,0.64
2009-11-09,1561070,829523,2390593,0.53
2009-11-10,1224614,701601,1926215,0.57
2009-11-11,1419011,730586,2149597,0.51
2009-11-12,1138961,665511,1804472,0.58
2009-11-13,1116343,691648,1807991,0.62
2009-11-16,1521622,852036,2373658,0.56
2009-11-17,1444304,954330,2398634,0.66
2009-11-18,1518959,888900,2407859,0.59
2009-11-19,1352659,993774,2346433,0.73
2009-11-20,1665710,1101992,2767702,0.66
2009-11-23,1587717,872286,2460003,0.55
2009-11-24,1167497,751696,1919193,0.64
2009-11-25,960773,586251,1547024,0.61
2009-11-27,635251,488920,1124171,0.77
2009-11-30,991732,768008,1759740,0.77
2009-12-01,1372674,769856,2142530,0.56
2009-12-02,1303166,720038,2023204,0.55
2009-12-03,1439275,882192,2321467,0.61
2009-12-04,1650666,1092923,2743589,0.66
2009-12-07,1199080,782458,1981538,0.65
2009-12-08,1438064,903358,2341422,0.63
2009-12-09,1295875,728544,2024419,0.56
2009-12-10,1328958,802940,2131898,0.6
2009-12-11,1259776,752577,2012353,0.6
2009-12-14,1486322,905896,2392218,0.61
2009-12-15,1883872,1091699,2975571,0.58
2009-12-16,1809825,1175502,2985327,0.65
2009-12-17,1940194,1296645,3236839,0.67
2009-12-18,1844244,1233917,3078161,0.67
2009-12-21,1491457,747234,2238691,0.5
2009-12-22,1176894,768583,1945477,0.65
2009-12-23,1200615,704282,1904897,0.59
2009-12-24,664160,322153,986313,0.49
2009-12-28,1044895,548716,1593611,0.53
2009-12-29,951100,565039,1516139,0.59
2009-12-30,870513,515095,1385608,0.59
2009-12-31,794567,470891,1265458,0.59
2010-01-04,1587805,769863,2357668,0.48
2010-01-05,1848688,1012760,2861448,0.55
2010-01-06,1665246,840036,2505282,0.5
2010-01-07,2006453,960442,2966895,0.48
2010-01-08,1817851,835511,2653362,0.46
2010-01-11,1816552,841503,2658055,0.46
2010-01-12,1872801,1077423,2950224,0.58
2010-01-13,1707280,930506,2637786,0.55
2010-01-14,1859299,978986,2838285,0.53
2010-01-15,2248181,1307358,3555539,0.58
2010-01-19,1703809,955803,2659612,0.56
2010-01-20,1494164,991546,2485710,0.66
2010-01-21,1826546,1282314,3108860,0.7
2010-01-22,1676992,1262928,2939920,0.75
2010-01-25,1230291,784849,2015140,0.64
2010-01-26,1486284,964785,2451069,0.65
2010-01-27,1301470,877324,2178794,0.67
2010-01-28,1372045,887894,2259939,0.65
2010-01-29,1350908,981046,2331954,0.73
2010-02-01,1120867,652412,1773279,0.58
2010-02-02,1392962,808858,2201820,0.58
2010-02-03,1263334,812404,2075738,0.64
2010-02-04,1491045,1164302,2655347,0.78
2010-02-05,1418561,1111989,2530550,0.78
2010-02-08,910735,640567,1551302,0.7
2010-02-09,1195771,853145,2048916,0.71
2010-02-10,1034055,653729,1687784,0.63
2010-02-11,1144102,839582,1983684,0.73
2010-02-12,1075149,652995,1728144,0.61
2010-02-16,1371100,865981,2237081,0.63
2010-02-17,1407049,861856,2268905,0.61
2010-02-18,1452837,970309,2423146,0.67
2010-02-19,1562444,1038910,2601354,0.66
2010-02-22,1371452,825257,2196709,0.6
2010-02-23,1228126,954065,2182191,0.78
2010-02-24,1204798,804868,2009666,0.67
2010-02-25,1013162,825254,1838416,0.81
2010-02-26,913489,623640,1537129,0.68
2010-03-01,1215633,703498,1919131,0.58
2010-03-02,1474115,881045,2355160,0.6
2010-03-03,1199501,774022,1973523,0.65
2010-03-04,1233632,812456,2046088,0.66
2010-03-05,1551820,807190,2359010,0.52
2010-03-08,1441861,734882,2176743,0.51
2010-03-09,2072336,953166,3025502,0.46
2010-03-10,2142961,1105069,3248030,0.52
2010-03-11,1615499,858471,2473970,0.53
2010-03-12,1655196,841971,2497167,0.51
2010-03-15,1346752,759500,2106252,0.56
2010-03-16,1755785,909437,2665222,0.52
2010-03-17,2031293,1002572,3033865,0.49
2010-03-18,1545661,826696,2372357,0.53
2010-03-19,1921689,1157955,3079644,0.6
2010-03-22,1550170,819697,2369867,0.53
2010-03-23,1636826,946877,2583703,0.58
2010-03-24,1498574,963795,2462369,0.64
2010-03-25,1855080,907600,2762680,0.49
2010-03-26,1452191,942088,2394279,0.65
2010-03-29,1487837,949158,2436995,0.64
2010-03-30,1195591,629599,1825190,0.53
2010-03-31,1367789,697688,2065477,0.51
2010-04-01,1256230,636149,1892379,0.51
2010-04-05,1328954,572678,1901632,0.43
2010-04-06,1690913,742449,2433362,0.44
2010-04-07,1779436,1018956,2798392,0.57
2010-04-08,1616774,746769,2363543,0.46
2010-04-09,1680902,803503,2484405,0.48
2010-04-12,2016288,806009,2822297,0.4
2010-04-13,1930766,935973,2866739,0.48
2010-04-14,3137687,1017578,4155265,0.32
2010-04-15,3080508,1110111,4190619,0.36
2010-04-16,3325895,1739952,5065847,0.52
2010-04-19,2229200,1123448,3352648,0.5
2010-04-20,1905312,975078,2880390,0.51
2010-04-21,1996603,1045798,3042401,0.52
2010-04-22,1890742,967868,2858610,0.51
2010-04-23,1804973,864707,2669680,0.48
2010-04-26,2054234,852665,2906899,0.42
2010-04-27,2085895,1199315,3285210,0.57
2010-04-28,1788290,945988,2734278,0.53
2010-04-29,1843390,906214,2749604,0.49
2010-04-30,1777140,1088069,2865209,0.61
2010-05-03,1781450,952849,2734299,0.53
2010-05-04,2022860,1373025,3395885,0.68
2010-05-05,1929849,1349587,3279436,0.7
2010-05-06,2799542,2020646,4820188,0.72
2010-05-07,2271647,1819858,4091505,0.8
2010-05-10,1708332,1061335,2769667,0.62
2010-05-11,1419002,981556,2400558,0.69
2010-05-12,1623205,830295,2453500,0.51
2010-05-13,1521892,859524,2381416,0.56
2010-05-14,1708882,1244936,2953818,0.73
2010-05-17,1523947,1060537,2584484,0.7
2010-05-18,1596359,1028488,2624847,0.64
2010-05-19,1614102,1329170,2943272,0.82
2010-05-20,1954119,1769082,3723201,0.91
2010-05-21,2211275,1921214,4132489,0.87
2010-05-24,1314743,813586,2128329,0.62
2010-05-25,1505026,988431,2493457,0.66
2010-05-26,1595275,853172,2448447,0.53
2010-05-27,1343622,674286,2017908,0.5
2010-05-28,922994,539673,1462667,0.58
2010-06-01,1048585,641364,1689949,0.61
2010-06-02,1274581,803148,2077729,0.63
2010-06-03,1171913,694691,1866604,0.59
2010-06-04,1263843,761589,2025432,0.6
2010-06-07,1222103,729132,1951235,0.6
2010-06-08,1164630,819951,1984581,0.7
2010-06-09,1298668,955597,2254265,0.74
2010-06-10,1266763,838074,2104837,0.66
2010-06-11,881281,617168,1498449,0.7
2010-06-14,1041264,733729,1774993,0.7
2010-06-15,1396451,780521,2176972,0.56
2010-06-16,1248455,826738,2075193,0.66
2010-06-17,1194477,847137,2041614,0.71
2010-06-18,1501787,930745,2432532,0.62
2010-06-21,1479427,794824,2274251,0.54
2010-06-22,1047080,659424,1706504,0.63
2010-06-23,837873,592391,1430264,0.71
2010-06-24,1018603,834175,1852778,0.82
2010-06-25,1042837,655988,1698825,0.63
2010-06-28,831083,544939,1376022,0.66
2010-06-29,1304535,1043209,2347744,0.8
2010-06-30,1026119,633363,1659482,0.62
2010-07-01,1350025,1016637,2366662,0.75
2010-07-02,825835,492465,1318300,0.6
2010-07-06,992224,609950,1602174,0.61
2010-07-07,1150190,602882,1753072,0.52
2010-07-08,1128367,626983,1755350,0.56
2010-07-09,1117866,650209,1768075,0.58
2010-07-12,1103765,671428,1775193,0.61
2010-07-13,1856555,918374,2774929,0.49
2010-07-14,1385771,779158,2164929,0.56
2010-07-15,1357959,832646,2190605,0.61
2010-07-16,1750843,1301934,3052777,0.74
2010-07-19,1483144,757934,2241078,0.51
2010-07-20,1321755,679589,2001344,0.51
2010-07-21,1226396,775665,2002061,0.63
2010-07-22,1512658,781835,2294493,0.52
2010-07-23,1200814,663213,1864027,0.55
2010-07-26,1166761,621289,1788050,0.53
2010-07-27,1387879,724137,2112016,0.52
2010-07-28,979689,682090,1661779,0.7
2010-07-29,1208333,787143,1995476,0.65
2010-07-30,897030,548857,1445887,0.61
2010-08-02,1253509,706725,1960234,0.56
2010-08-03,1117125,665751,1782876,0.6
2010-08-04,1240501,692373,1932874,0.56
2010-08-05,1055946,648185,1704131,0.61
2010-08-06,1005016,582553,1587569,0.58
2010-08-09,886850,499994,1386844,0.56
2010-08-10,982003,615069,1597072,0.63
2010-08-11,1226949,914829,2141778,0.75
2010-08-12,1196185,731623,1927808,0.61
2010-08-13,789784,519895,1309679,0.66
2010-08-16,849286,596616,1445902,0.7
2010-08-17,1150450,718659,1869109,0.62
2010-08-18,1118031,743521,1861552,0.67
2010-08-19,1226333,865901,2092234,0.71
2010-08-20,1369099,992715,2361814,0.73
2010-08-23,1585527,629755,2215282,0.4
2010-08-24,1103177,807142,1910319,0.73
2010-08-25,1110123,672091,1782214,0.61
2010-08-26,865809,538041,1403850,0.62
2010-08-27,1029677,575383,1605060,0.56
2010-08-30,714397,414541,1128938,0.58
2010-08-31,829840,617452,1447292,0.74
2010-09-01,1285242,623299,1908541,0.48
2010-09-02,1095596,602143,1697739,0.55
2010-09-03,992145,552964,1545109,0.56
2010-09-07,820489,497177,1317666,0.61
2010-09-08,1041102,557113,1598215,0.54
2010-09-09,968615,577094,1545709,0.6
2010-09-10,847056,558086,1405142,0.66
2010-09-13,1320548,681731,2002279,0.52
2010-09-14,1333792,786219,2120011,0.59
2010-09-15,1321196,738436,2059632,0.56
2010-09-16,1226860,712371,1939231,0.58
2010-09-17,1619836,957104,2576940,0.59
2010-09-20,1596408,763246,2359654,0.48
2010-09-21,1289690,776939,2066629,0.6
2010-09-22,1118616,818541,1937157,0.73
2010-09-23,1163094,730682,1893776,0.63
2010-09-24,1290201,689125,1979326,0.53
2010-09-27,995050,566975,1562025,0.57
2010-09-28,1114981,657261,1772242,0.59
2010-09-29,1257674,677089,1934763,0.54
2010-09-30,1252242,655807,1908049,0.52
2010-10-01,1158716,624391,1783107,0.54
2010-10-04,1043586,614720,1658306,0.59
2010-10-05,1409761,755062,2164823,0.54
2010-10-06,1349182,782339,2131521,0.58
2010-10-07,1168540,772892,1941432,0.66
2010-10-08,1391012,769187,2160199,0.55
2010-10-11,1301816,736816,2038632,0.57
2010-10-12,1330857,682809,2013666,0.51
2010-10-13,2057175,916759,2973934,0.45
2010-10-14,2069767,1177435,3247202,0.57
2010-10-15,2242650,1246617,3489267,0.56
2010-10-18,1694556,950777,2645333,0.56
2010-10-19,1476872,1088126,2564998,0.74
2010-10-20,1426512,942522,2369034,0.66
2010-10-21,1228606,882854,2111460,0.72
2010-10-22,1036808,710021,1746829,0.68
2010-10-25,1310491,827269,2137760,0.63
2010-10-26,1414258,842555,2256813,0.6
2010-10-27,1443792,893774,2337566,0.62
2010-10-28,1438852,864471,2303323,0.6
2010-10-29,1287894,695831,1983725,0.54
2010-11-01,1268821,795456,2064277,0.63
2010-11-02,1218760,658374,1877134,0.54
2010-11-03,1512803,788771,2301574,0.52
2010-11-04,2465210,1086621,3551831,0.44
2010-11-05,2398237,980204,3378441,0.41
2010-11-08,1544815,773734,2318549,0.5
2010-11-09,1724887,960776,2685663,0.56
2010-11-10,1555458,736538,2291996,0.47
2010-11-11,1580487,866130,2446617,0.55
2010-11-12,1632803,1034598,2667401,0.63
2010-11-15,1464588,798644,2263232,0.55
2010-11-16,1701132,1127325,2828457,0.66
2010-11-17,1452097,813984,2266081,0.56
2010-11-18,1651029,878785,2529814,0.53
2010-11-19,1819150,1018951,2838101,0.56
2010-11-22,1458376,819018,2277394,0.56
2010-11-23,1225284,859963,2085247,0.7
2010-11-24,1063199,561210,1624409,0.53
2010-11-26,470043,300576,770619,0.64
2010-11-29,1048779,733161,1781940,0.7
2010-11-30,1193209,685579,1878788,0.57
2010-12-01,1475462,666446,2141908,0.45
2010-12-02,1705176,759991,2465167,0.45
2010-12-03,1323925,664203,1988128,0.5
2010-12-06,1355436,666289,2021725,0.49
2010-12-07,1914723,853819,2768542,0.45
2010-12-08,1541289,721356,2262645,0.47
2010-12-09,1754805,748325,2503130,0.43
2010-12-10,1668032,692414,2360446,0.42
2010-12-13,2117713,746240,2863953,0.35
2010-12-14,1598614,795552,2394166,0.5
2010-12-15,1562541,802935,2365476,0.51
2010-12-16,1709025,850214,2559239,0.5
2010-12-17,1858691,913426,2772117,0.49
2010-12-20,1549684,896487,2446171,0.58
2010-12-21,1427739,715823,2143562,0.5
2010-12-22,1338242,632901,1971143,0.47
2010-12-23,1002635,521165,1523800,0.52
2010-12-27,841684,447711,1289395,0.53
2010-12-28,963168,525575,1488743,0.55
2010-12-29,928357,481796,1410153,0.52
2010-12-30,910799,464312,1375111,0.51
2010-12-31,723226,506202,1229428,0.7
2011-01-03,1979879,786089,2765968,0.4
2011-01-04,1852845,791707,2644552,0.43
2011-01-05,1852659,895116,2747775,0.48
2011-01-06,2137332,982089,3119421,0.46
2011-01-07,1936157,971971,2908128,0.5
2011-01-10,1428669,773350,2202019,0.54
2011-01-11,1598298,841165,2439463,0.53
2011-01-12,1865045,831412,2696457,0.45
2011-01-13,2037009,1018399,3055408,0.5
2011-01-14,2723031,1004895,3727926,0.37
2011-01-18,2318032,1016110,3334142,0.44
2011-01-19,2358646,1113296,3471942,0.47
2011-01-20,2151593,1432848,3584441,0.67
2011-01-21,2466693,1348891,3815584,0.55
2011-01-24,1785184,915357,2700541,0.51
2011-01-25,1695217,1072077,2767294,0.63
2011-01-26,1598700,919412,2518112,0.58
2011-01-27,1571963,877881,2449844,0.56
2011-01-28,1707963,1114679,2822642,0.65
2011-01-31,1370723,837545,2208268,0.61
2011-02-01,1844674,904381,2749055,0.49
2011-02-02,1711054,778446,2489500,0.45
2011-02-03,1609801,937466,2547267,0.58
2011-02-04,1455715,934249,2389964,0.64
2011-02-07,1695546,774393,2469939,0.46
2011-02-08,1472659,762444,2235103,0.52
2011-02-09,1613773,843142,2456915,0.52
2011-02-10,1833821,1015179,2849000,0.55
2011-02-11,1918427,983702,2902129,0.51
2011-02-14,1654462,851724,2506186,0.51
2011-02-15,1483604,791221,2274825,0.53
2011-02-16,1812707,1045902,2858609,0.58
2011-02-17,1846313,928669,2774982,0.5
2011-02-18,1958313,1191706,3150019,0.61
2011-02-22,1817321,1237376,3054697,0.68
2011-02-23,1822930,1310392,3133322,0.72
2011-02-24,1400155,989406,2389561,0.71
2011-02-25,1387325,683836,2071161,0.49
2011-02-28,1247689,666797,1914486,0.53
2011-03-01,1335116,857859,2192975,0.64
2011-03-02,1202768,666213,1868981,0.55
2011-03-03,1318148,719369,2037517,0.55
2011-03-04,1416865,802282,2219147,0.57
2011-03-07,1276233,815715,2091948,0.64
2011-03-08,1339628,726328,2065956,0.54
2011-03-09,1188077,716388,1904465,0.6
2011-03-10,1424462,1035358,2459820,0.73
2011-03-11,1086201,670492,1756693,0.62
2011-03-14,1119528,746499,1866027,0.67
2011-03-15,1629510,1158065,2787575,0.71
2011-03-16,1645815,1296965,2942780,0.79
2011-03-17,1283074,916231,2199305,0.71
2011-03-18,1742494,1163581,2906075,0.67
2011-03-21,1717392,839086,2556478,0.49
2011-03-22,1218554,666502,1885056,0.55
2011-03-23,1243053,728245,1971298,0.59
2011-03-24,1506152,830078,2336230,0.55
2011-03-25,1368197,726168,2094365,0.53
2011-03-28,1030144,573303,1603447,0.56
2011-03-29,1126947,590117,1717064,0.52
2011-03-30,1335217,719441,2054658,0.54
2011-03-31,1185880,666189,1852069,0.56
2011-04-01,1393132,715155,2108287,0.51
2011-04-04,1102876,656085,1758961,0.59
2011-04-05,1290943,728319,2019262,0.56
2011-04-06,1463009,802878,2265887,0.55
2011-04-07,1309691,694187,2003878,0.53
2011-04-08,1288997,750120,2039117,0.58
2011-04-11,1174919,726657,1901576,0.62
2011-04-12,1449671,847799,2297470,0.58
2011-04-13,1231881,804104,2035985,0.65
2011-04-14,1354442,938073,2292515,0.69
2011-04-15,1636189,1031676,2667865,0.63
2011-04-18,1356782,819082,2175864,0.6
2011-04-19,1269775,808942,2078717,0.64
2011-04-20,1659896,839010,2498906,0.51
2011-04-21,1383910,855488,2239398,0.62
2011-04-25,1046726,596273,1642999,0.57
2011-04-26,1239201,700557,1939758,0.57
2011-04-27,1305153,767331,2072484,0.59
2011-04-28,1346839,731671,2078510,0.54
2011-04-29,1251355,735029,1986384,0.59
2011-05-02,1243294,620297,1863591,0.5
2011-05-03,1466498,901250,2367748,0.61
2011-05-04,1343469,971595,2315064,0.72
2011-05-05,1257282,812406,2069688,0.65
2011-05-06,1120193,695537,1815730,0.62
2011-05-09,891594,559235,1450829,0.63
2011-05-10,1019632,590135,1609767,0.58
2011-05-11,1159917,774163,1934080,0.67
2011-05-12,1199680,801786,2001466,0.67
2011-05-13,1043134,765507,1808641,0.73
2011-05-16,1167069,711720,1878789,0.61
2011-05-17,1184442,889123,2073565,0.75
2011-05-18,1084862,737676,1822538,0.68
2011-05-19,1096376,770325,1866701,0.7
2011-05-20,1270924,955801,2226725,0.75
2011-05-23,941533,645216,1586749,0.69
2011-05-24,1026091,627313,1653404,0.61
2011-05-25,1190691,603221,1793912,0.51
2011-05-26,860806,517165,1377971,0.6
2011-05-27,989075,502010,1491085,0.51
2011-05-31,932803,500324,1433127,0.54
2011-06-01,1035050,787098,1822148,0.76
2011-06-02,871294,620450,1491744,0.71
2011-06-03,887773,631674,1519447,0.71
2011-06-06,1048033,833233,1881266,0.8
2011-06-07,877042,647898,1524940,0.74
2011-06-08,1001729,953937,1955666,0.95
2011-06-09,868295,665415,1533710,0.77
2011-06-10,905696,913005,1818701,1.01
2011-06-13,960084,704242,1664326,0.73
2011-06-14,956788,618075,1574863,0.65
2011-06-15,858990,940136,1799126,1.09
2011-06-16,1009203,1037954,2047157,1.03
2011-06-17,1152676,1252862,2405538,1.09
2011-06-20,1133605,642043,1775648,0.57
2011-06-21,1190106,702244,1892350,0.59
2011-06-22,933191,493334,1426525,0.53
2011-06-23,1078072,703409,1781481,0.65
2011-06-24,754027,526519,1280546,0.7
2011-06-27,870362,540380,1410742,0.62
2011-06-28,990175,585733,1575908,0.59
2011-06-29,946495,529856,1476351,0.56
2011-06-30,1088428,591462,1679890,0.54
2011-07-01,1085173,598387,1683560,0.55
2011-07-05,914351,585741,1500092,0.64
2011-07-06,876401,626618,1503019,0.71
2011-07-07,1262960,705628,1968588,0.56
2011-07-08,954463,553723,1508186,0.58
2011-07-11,959005,707197,1666202,0.74
2011-07-12,962823,648786,1611609,0.67
2011-07-13,1018746,686897,1705643,0.67
2011-07-14,1091951,851982,1943933,0.78
2011-07-15,1366602,876194,2242796,0.64
2011-07-18,1195421,815330,2010751,0.68
2011-07-19,1548847,796024,2344871,0.51
2011-07-20,1248417,763229,2011646,0.61
2011-07-21,1523479,848604,2372083,0.56
2011-07-22,1106390,664559,1770949,0.6
2011-07-25,915889,550901,1466790,0.6
2011-07-26,1136339,663182,1799521,0.58
2011-07-27,1217433,807957,2025390,0.66
2011-07-28,1014479,694213,1708692,0.68
2011-07-29,1033702,795043,1828745,0.77
2011-08-01,879531,668565,1548096,0.76
2011-08-02,1030331,700017,1730348,0.68
2011-08-03,1229765,942236,2172001,0.77
2011-08-04,1533804,1475885,3009689,0.96
2011-08-05,1882146,1764051,3646197,0.94
2011-08-08,1707772,1831341,3539113,1.07
2011-08-09,1762353,1501897,3264250,0.85
2011-08-10,1382089,1123417,2505506,0.81
2011-08-11,1562348,964183,2526531,0.62
2011-08-12,1080987,811259,1892246,0.75
2011-08-15,1031339,703745,1735084,0.68
2011-08-16,925809,681887,1607696,0.74
2011-08-17,980607,787942,1768549,0.8
2011-08-18,1240018,1194385,2434403,0.96
2011-08-19,1140537,1171966,2312503,1.03
2011-08-22,1086848,789023,1875871,0.73
2011-08-23,1225963,817313,2043276,0.67
2011-08-24,962058,632255,1594313,0.66
2011-08-25,1017841,779339,1797180,0.77
2011-08-26,932503,678473,1610976,0.73
2011-08-29,1055904,566807,1622711,0.54
2011-08-30,897681,649103,1546784,0.72
2011-08-31,974960,635649,1610609,0.65
2011-09-01,780507,536197,1316704,0.69
2011-09-02,776392,652377,1428769,0.84
2011-09-06,895763,674670,1570433,0.75
2011-09-07,885007,548157,1433164,0.62
2011-09-08,851285,607613,1458898,0.71
2011-09-09,986021,846262,1832283,0.86
2011-09-12,903409,650545,1553954,0.72
2011-09-13,852422,601391,1453813,0.71
2011-09-14,1075941,690265,1766206,0.64
2011-09-15,1116484,757958,1874442,0.68
2011-09-16,1342088,897297,2239385,0.67
2011-09-19,975892,607288,1583180,0.62
2011-09-20,1022277,641977,1664254,0.63
2011-09-21,1079305,857244,1936549,0.79
2011-09-22,1412693,1199053,2611746,0.85
2011-09-23,1055580,681581,1737161,0.65
2011-09-26,966121,566150,1532271,0.59
2011-09-27,1040827,638436,1679263,0.61
2011-09-28,666546,549801,1216347,0.82
2011-09-29,831575,667444,1499019,0.8
2011-09-30,902876,729205,1632081,0.81
2011-10-03,1045038,892709,1937747,0.85
2011-10-04,1397537,1079044,2476581,0.77
2011-10-05,1105552,763528,1869080,0.69
2011-10-06,1020879,687272,1708151,0.67
2011-10-07,886783,626214,1512997,0.71
2011-10-10,887926,562934,1450860,0.63
2011-10-11,810183,619921,1430104,0.77
2011-10-12,1149998,732551,1882549,0.64
2011-10-13,866622,619571,1486193,0.71
2011-10-14,1118158,669482,1787640,0.6
2011-10-17,902843,644524,1547367,0.71
2011-10-18,1145034,708398,1853432,0.62
2011-10-19,1190326,850887,2041213,0.71
2011-10-20,1090286,803357,1893643,0.74
2011-10-21,1550969,782801,2333770,0.5
2011-10-24,1317299,687444,2004743,0.52
2011-10-25,930564,731790,1662354,0.79
2011-10-26,1052263,734397,1786660,0.7
2011-10-27,1896949,955015,2851964,0.5
2011-10-28,1174480,649004,1823484,0.55
2011-10-31,755662,585198,1340860,0.77
2011-11-01,1132530,1008268,2140798,0.89
2011-11-02,836582,569838,1406420,0.68
2011-11-03,996287,629911,1626198,0.63
2011-11-04,885145,701187,1586332,0.79
2011-11-07,770178,498171,1268349,0.65
2011-11-08,926980,604363,1531343,0.65
2011-11-09,1013555,921930,1935485,0.91
2011-11-10,906442,679280,1585722,0.75
2011-11-11,906589,583590,1490179,0.64
2011-11-14,752540,577336,1329876,0.77
2011-11-15,926606,654092,1580698,0.71
2011-11-16,922270,686416,1608686,0.74
2011-11-17,1102262,902700,2004962,0.82
2011-11-18,1062088,952478,2014566,0.9
2011-11-21,1094699,722881,1817580,0.66
2011-11-22,868038,577492,1445530,0.67
2011-11-23,927224,658775,1585999,0.71
2011-11-25,367019,275593,642612,0.75
2011-11-28,905868,587200,1493068,0.65
2011-11-29,865617,526369,1391986,0.61
2011-11-30,1286890,709528,1996418,0.55
2011-12-01,911659,570797,1482456,0.63
2011-12-02,1004168,579819,1583987,0.58
2011-12-05,889611,600067,1489678,0.67
2011-12-06,754087,553552,1307639,0.73
2011-12-07,854524,623234,1477758,0.73
2011-12-08,849976,649849,1499825,0.76
2011-12-09,798498,555735,1354233,0.7
2011-12-12,988572,597395,1585967,0.6
2011-12-13,875143,679164,1554307,0.78
2011-12-14,926773,763759,1690532,0.82
2011-12-15,756020,680961,1436981,0.9
2011-12-16,1019439,910530,1929969,0.89
2011-12-19,1020381,618236,1638617,0.61
2011-12-20,1070080,562620,1632700,0.53
2011-12-21,835531,597686,1433217,0.72
2011-12-22,810050,551125,1361175,0.68
2011-12-23,599747,377198,976945,0.63
2011-12-27,558135,397591,955726,0.71
2011-12-28,567600,387744,955344,0.68
2011-12-29,561394,389134,950528,0.69
2011-12-30,589406,318032,907438,0.54
2012-01-03,1174201,643884,1818085,0.55
2012-01-04,958616,712281,1670897,0.74
2012-01-05,1077256,652347,1729603,0.61
2012-01-06,1100590,680768,1781358,0.62
2012-01-09,1085118,710848,1795966,0.66
2012-01-10,1363187,781486,2144673,0.57
2012-01-11,1391668,756537,2148205,0.54
2012-01-12,1393805,794150,2187955,0.57
2012-01-13,1268437,758754,2027191,0.6
2012-01-17,1478548,873056,2351604,0.59
2012-01-18,1723542,942411,2665953,0.55
2012-01-19,2280572,1092254,3372826,0.48
2012-01-20,2131429,1106525,3237954,0.52
2012-01-23,1417023,913956,2330979,0.64
2012-01-24,1248117,779382,2027499,0.62
2012-01-25,1605429,908426,2513855,0.57
2012-01-26,1525062,998221,2523283,0.65
2012-01-27,1291738,774494,2066232,0.6
2012-01-30,1072009,715571,1787580,0.67
2012-01-31,1220576,745276,1965852,0.61
2012-02-01,1449718,885436,2335154,0.61
2012-02-02,1286399,801023,2087422,0.62
2012-02-03,1781120,910973,2692093,0.51
2012-02-06,1217203,675324,1892527,0.55
2012-02-07,1432785,832067,2264852,0.58
2012-02-08,1653567,887023,2540590,0.54
2012-02-09,1796556,993180,2789736,0.55
2012-02-10,1376918,1035927,2412845,0.75
2012-02-13,1438352,759199,2197551,0.53
2012-02-14,1508344,902237,2410581,0.6
2012-02-15,1683528,1068545,2752073,0.63
2012-02-16,1781382,1100499,2881881,0.62
2012-02-17,1949713,994518,2944231,0.51
2012-02-21,1639253,1000248,2639501,0.61
2012-02-22,1211002,764194,1975196,0.63
2012-02-23,1289490,868570,2158060,0.67
2012-02-24,1383988,951816,2335804,0.69
2012-02-27,1221894,777824,1999718,0.64
2012-02-28,1330574,755052,2085626,0.57
2012-02-29,1336427,891069,2227496,0.67
2012-03-01,1248014,804519,2052533,0.64
2012-03-02,1166206,699379,1865585,0.6
2012-03-05,1047154,766585,1813739,0.73
2012-03-06,1213578,951054,2164632,0.78
2012-03-07,1029556,633977,1663533,0.62
2012-03-08,1141748,701886,1843634,0.61
2012-03-09,1197362,750474,1947836,0.63
2012-03-12,898419,627780,1526199,0.7
2012-03-13,1557399,921226,2478625,0.59
2012-03-14,1725822,940511,2666333,0.54
2012-03-15,1846330,952089,2798419,0.52
2012-03-16,2182618,998222,3180840,0.46
2012-03-19,1798501,894965,2693466,0.5
2012-03-20,1351148,700140,2051288,0.52
2012-03-21,1333208,739236,2072444,0.55
2012-03-22,1224547,829352,2053899,0.68
2012-03-23,1026148,629781,1655929,0.61
2012-03-26,1173896,845864,2019760,0.72
2012-03-27,1330043,730509,2060552,0.55
2012-03-28,1191911,844178,2036089,0.71
2012-03-29,1181006,788013,1969019,0.67
2012-03-30,1131791,667554,1799345,0.59
2012-04-02,1200952,620688,1821640,0.52
2012-04-03,1260398,721443,1981841,0.57
2012-04-04,1145439,750898,1896337,0.66
2012-04-05,1101165,658742,1759907,0.6
2012-04-09,994687,690064,1684751,0.69
2012-04-10,1628986,1095618,2724604,0.67
2012-04-11,1144137,748956,1893093,0.65
2012-04-12,1509189,772093,2281282,0.51
2012-04-13,1185490,851125,2036615,0.72
2012-04-16,1086308,755500,1841808,0.7
2012-04-17,1249575,714119,1963694,0.57
2012-04-18,1302565,765441,2068006,0.59
2012-04-19,1542896,1005189,2548085,0.65
2012-04-20,1810334,1148223,2958557,0.63
2012-04-23,1291229,759261,2050490,0.59
2012-04-24,1279368,841822,2121190,0.66
2012-04-25,1680153,799745,2479898,0.48
2012-04-26,1361143,842575,2203718,0.62
2012-04-27,1293641,773863,2067504,0.6
2012-04-30,1026951,661471,1688422,0.64
2012-05-01,1329869,705697,2035566,0.53
2012-05-02,1120210,833769,1953979,0.74
2012-05-03,1172988,876759,2049747,0.75
2012-05-04,1299463,922254,2221717,0.71
2012-05-07,1003622,652605,1656227,0.65
2012-05-08,1219890,905821,2125711,0.74
2012-05-09,1182098,790274,1972372,0.67
2012-05-10,1136613,775156,1911769,0.68
2012-05-11,1176811,868406,2045217,0.74
2012-05-14,1019333,855460,1874793,0.84
2012-05-15,1168614,940878,2109492,0.81
2012-05-16,1231446,1082174,2313620,0.88
2012-05-17,1310771,1155895,2466666,0.88
2012-05-18,1375103,1354695,2729798,0.99
2012-05-21,1246192,673789,1919981,0.54
2012-05-22,1226934,778314,2005248,0.63
2012-05-23,1117163,820731,1937894,0.73
2012-05-24,943532,694010,1637542,0.74
2012-05-25,783986,517562,1301548,0.66
2012-05-29,1031028,683253,1714281,0.66
2012-05-30,801273,614386,1415659,0.77
2012-05-31,923184,732937,1656121,0.79
2012-06-01,1183860,936556,2120416,0.79
2012-06-04,1007845,783009,1790854,0.78
2012-06-05,879661,608372,1488033,0.69
2012-06-06,1053399,700483,1753882,0.66
2012-06-07,1102256,702678,1804934,0.64
2012-06-08,763671,592605,1356276,0.78
2012-06-11,827685,670352,1498037,0.81
2012-06-12,881348,633895,1515243,0.72
2012-06-13,839311,770824,1610135,0.92
2012-06-14,942530,778871,1721401,0.83
2012-06-15,1346751,924671,2271422,0.69
2012-06-18,1081996,619807,1701803,0.57
2012-06-19,1126709,663402,1790111,0.59
2012-06-20,948159,617595,1565754,0.65
2012-06-21,919654,739723,1659377,0.8
2012-06-22,947326,579708,1527034,0.61
2012-06-25,786897,611020,1397917,0.78
2012-06-26,805247,590713,1395960,0.73
2012-06-27,881546,576289,1457835,0.65
2012-06-28,899935,676630,1576565,0.75
2012-06-29,1270279,879283,2149562,0.69
2012-07-02,759446,548522,1307968,0.72
2012-07-03,640335,415646,1055981,0.65
2012-07-05,939451,596873,1536324,0.64
2012-07-06,870414,654253,1524667,0.75
2012-07-09,793251,619511,1412762,0.78
2012-07-10,955299,689698,1644997,0.72
2012-07-11,804717,652494,1457211,0.81
2012-07-12,994736,695851,1690587,0.7
2012-07-13,1012954,644297,1657251,0.64
2012-07-16,962910,648633,1611543,0.67
2012-07-17,1163410,777665,1941075,0.67
2012-07-18,1284734,845452,2130186,0.66
2012-07-19,1349600,911648,2261248,0.68
2012-07-20,1412563,1056637,2469200,0.75
2012-07-23,1089472,757243,1846715,0.7
2012-07-24,1183971,778248,1962219,0.66
2012-07-25,1248444,890858,2139302,0.71
2012-07-26,1322521,943021,2265542,0.71
2012-07-27,1513727,962862,2476589,0.64
2012-07-30,1090413,721632,1812045,0.66
2012-07-31,1072316,729447,1801763,0.68
2012-08-01,1103009,790398,1893407,0.72
2012-08-02,1171459,908202,2079661,0.78
2012-08-03,1308579,789668,2098247,0.6
2012-08-06,1054662,662855,1717517,0.63
2012-08-07,1377682,763644,2141326,0.55
2012-08-08,1066535,616166,1682701,0.58
2012-08-09,953953,593172,1547125,0.62
2012-08-10,855382,598031,1453413,0.7
2012-08-13,960123,541205,1501328,0.56
2012-08-14,1033272,685425,1718697,0.66
2012-08-15,1011641,631330,1642971,0.62
2012-08-16,1353451,932643,2286094,0.69
2012-08-17,1611423,871562,2482985,0.54
2012-08-20,1135316,699997,1835313,0.62
2012-08-21,1252580,835419,2087999,0.67
2012-08-22,1061568,694804,1756372,0.65
2012-08-23,1027823,757025,1784848,0.74
2012-08-24,947821,642167,1589988,0.68
2012-08-27,741217,513558,1254775,0.69
2012-08-28,726734,446178,1172912,0.61
2012-08-29,758514,599982,1358496,0.79
2012-08-30,787658,658862,1446520,0.84
2012-08-31,807309,544439,1351748,0.67
2012-09-04,840133,627401,1467534,0.75
2012-09-05,835341,558847,1394188,0.67
2012-09-06,1350646,791247,2141893,0.59
2012-09-07,1463200,791467,2254667,0.54
2012-09-10,1101677,722331,1824008,0.66
2012-09-11,1129634,608112,1737746,0.54
2012-09-12,1184537,674570,1859107,0.57
2012-09-13,1629619,884695,2514314,0.54
2012-09-14,2025732,1078273,3104005,0.53
2012-09-17,949777,611552,1561329,0.64
2012-09-18,1001884,625060,1626944,0.62
2012-09-19,1215430,682607,1898037,0.56
2012-09-20,1156018,871254,2027272,0.75
2012-09-21,1553487,956290,2509777,0.62
2012-09-24,1223172,749700,1972872,0.61
2012-09-25,1078242,789107,1867349,0.73
2012-09-26,943357,703207,1646564,0.75
2012-09-27,1059544,637905,1697449,0.6
2012-09-28,993166,757842,1751008,0.76
2012-10-01,806973,506209,1313182,0.63
2012-10-02,989995,545697,1535692,0.55
2012-10-03,807465,576247,1383712,0.71
2012-10-04,997738,580395,1578133,0.58
2012-10-05,1046389,705326,1751715,0.67
2012-10-08,793422,436801,1230223,0.55
2012-10-09,877529,639567,1517096,0.73
2012-10-10,762456,538309,1300765,0.71
2012-10-11,997304,648899,1646203,0.65
2012-10-12,849072,627047,1476119,0.74
2012-10-15,859239,628977,1488216,0.73
2012-10-16,1112158,681129,1793287,0.61
2012-10-17,1225922,725446,1951368,0.59
2012-10-18,1284758,837975,2122733,0.65
2012-10-19,1251216,998182,2249398,0.8
2012-10-22,909315,605866,1515181,0.67
2012-10-23,897750,768080,1665830,0.86
2012-10-24,872969,615655,1488624,0.71
2012-10-25,843478,639276,1482754,0.76
2012-10-26,945281,725184,1670465,0.77
2012-10-31,857370,580275,1437645,0.68
2012-11-01,975938,586027,1561965,0.6
2012-11-02,994468,763534,1758002,0.77
2012-11-05,758930,463390,1222320,0.61
2012-11-06,817015,517545,1334560,0.63
2012-11-07,966873,733987,1700860,0.76
2012-11-08,936286,745666,1681952,0.8
2012-11-09,911319,744389,1655708,0.82
2012-11-12,775681,503247,1278928,0.65
2012-11-13,893310,640897,1534207,0.72
2012-11-14,919321,719246,1638567,0.78
2012-11-15,909228,757323,1666551,0.83
2012-11-16,1160477,943313,2103790,0.81
2012-11-19,1035614,576154,1611768,0.56
2012-11-20,761575,513648,1275223,0.67
2012-11-21,699929,426322,1126251,0.61
2012-11-23,497512,291635,789147,0.59
2012-11-26,738138,469508,1207646,0.64
2012-11-27,768798,444521,1213319,0.58
2012-11-28,888643,536283,1424926,0.6
2012-11-29,866352,538160,1404512,0.62
2012-11-30,745740,542291,1288031,0.73
2012-12-03,674368,382053,1056421,0.57
2012-12-04,737881,595184,1333065,0.81
2012-12-05,1154784,692004,1846788,0.6
2012-12-06,875270,589825,1465095,0.67
2012-12-07,963736,618237,1581973,0.64
2012-12-10,631082,393857,1024939,0.62
2012-12-11,804092,476050,1280142,0.59
2012-12-12,849253,519336,1368589,0.61
2012-12-13,824832,503724,1328556,0.61
2012-12-14,804531,562311,1366842,0.7
2012-12-17,813761,486331,1300092,0.6
2012-12-18,1140797,578498,1719295,0.51
2012-12-19,892004,568462,1460466,0.64
2012-12-20,879313,566642,1445955,0.64
2012-12-21,1025621,731804,1757425,0.71
2012-12-24,370957,239914,610871,0.65
2012-12-26,590139,436280,1026419,0.74
2012-12-27,704225,480578,1184803,0.68
2012-12-28,672136,429236,1101372,0.64
2012-12-31,777569,485969,1263538,0.62
2013-01-02,1031381,567180,1598561,0.55
2013-01-03,1023718,542126,1565844,0.53
2013-01-04,929392,596575,1525967,0.64
2013-01-07,690162,469158,1159320,0.68
2013-01-08,693048,543080,1236128,0.78
2013-01-09,847872,520752,1368624,0.61
2013-01-10,937748,621614,1559362,0.66
2013-01-11,863049,545871,1408920,0.63
2013-01-14,939954,486423,1426377,0.52
2013-01-15,868787,582208,1450995,0.67
2013-01-16,890353,670859,1561212,0.75
2013-01-17,1007254,611928,1619182,0.61
2013-01-18,1187424,637024,1824448,0.54
2013-01-22,929497,635146,1564643,0.68
2013-01-23,816558,566364,1382922,0.69
2013-01-24,1108726,720079,1828805,0.65
2013-01-25,995873,637911,1633784,0.64
2013-01-28,852221,644295,1496516,0.76
2013-01-29,856151,581147,1437298,0.68
2013-01-30,825206,555135,1380341,0.67
2013-01-31,785568,571152,1356720,0.73
2013-02-01,1020229,586459,1606688,0.57
2013-02-04,765396,531545,1296941,0.69
2013-02-05,943144,558877,1502021,0.59
2013-02-06,888166,529401,1417567,0.6
2013-02-07,806486,534829,1341315,0.66
2013-02-08,924613,524905,1449518,0.57
2013-02-11,824905,465420,1290325,0.56
2013-02-12,925067,561136,1486203,0.61
2013-02-13,1009034,657978,1667012,0.65
2013-02-14,1009032,624707,1633739,0.62
2013-02-15,1233749,732822,1966571,0.59
2013-02-19,944166,545231,1489397,0.58
2013-02-20,910664,659947,1570611,0.72
2013-02-21,1014832,726109,1740941,0.72
2013-02-22,904478,533604,1438082,0.59
2013-02-25,817601,596281,1413882,0.73
2013-02-26,756562,564143,1320705,0.75
2013-02-27,873962,546772,1420734,0.63
2013-02-28,768185,514899,1283084,0.67
2013-03-01,804663,597953,1402616,0.74
2013-03-04,706139,471529,1177668,0.67
2013-03-05,903460,590068,1493528,0.65
2013-03-06,1052419,564012,1616431,0.54
2013-03-07,996967,585654,1582621,0.59
2013-03-08,943952,581943,1525895,0.62
2013-03-11,836681,541525,1378206,0.65
2013-03-12,846886,515018,1361904,0.61
2013-03-13,815238,509199,1324437,0.62
2013-03-14,920340,591614,1511954,0.64
2013-03-15,1279243,712570,1991813,0.56
2013-03-18,788981,510436,1299417,0.65
2013-03-19,867219,627137,1494356,0.72
2013-03-20,789463,462852,1252315,0.59
2013-03-21,796984,506105,1303089,0.64
2013-03-22,818738,567362,1386100,0.69
2013-03-25,796191,569704,1365895,0.72
2013-03-26,634974,396585,1031559,0.62
2013-03-27,688124,464786,1152910,0.68
2013-03-28,769891,481073,1250964,0.62
2013-04-01,614203,427001,1041204,0.7
2013-04-02,748579,480087,1228666,0.64
2013-04-03,829672,627496,1457168,0.76
2013-04-04,658062,482021,1140083,0.73
2013-04-05,738672,520588,1259260,0.7
2013-04-08,625459,362971,988430,0.58
2013-04-09,810861,482828,1293689,0.6
2013-04-10,1040707,599418,1640125,0.58
2013-04-11,967947,598847,1566794,0.62
2013-04-12,802611,564999,1367610,0.7
2013-04-15,1006601,701953,1708554,0.7
2013-04-16,825691,579344,1405035,0.7
2013-04-17,1072115,843020,1915135,0.79
2013-04-18,934624,701609,1636233,0.75
2013-04-19,1004504,852133,1856637,0.85
2013-04-22,872454,575047,1447501,0.66
2013-04-23,969989,636801,1606790,0.66
2013-04-24,1163729,680569,1844298,0.58
2013-04-25,182169,111008,293177,0.61
2013-04-26,749463,486427,1235890,0.65
2013-04-29,813769,475108,1288877,0.58
2013-04-30,852248,529751,1381999,0.62
2013-05-01,843942,572496,1416438,0.68
2013-05-02,885070,484902,1369972,0.55
2013-05-03,1021707,627249,1648956,0.61
2013-05-06,924082,493298,1417380,0.53
2013-05-07,904327,566733,1471060,0.63
2013-05-08,929032,613414,1542446,0.66
2013-05-09,994086,575327,1569413,0.58
2013-05-10,955830,559174,1515004,0.59
2013-05-13,799499,478945,1278444,0.6
2013-05-14,1057497,548126,1605623,0.52
2013-05-15,1108012,579498,1687510,0.52
2013-05-16,1113435,602002,1715437,0.54
2013-05-17,1226557,614159,1840716,0.5
2013-05-20,1035030,540534,1575564,0.52
2013-05-21,906425,490053,1396478,0.54
2013-05-22,1095693,734791,1830484,0.67
2013-05-23,833646,562693,1396339,0.67
2013-05-24,706424,519174,1225598,0.73
2013-05-28,907475,530289,1437764,0.58
2013-05-29,857525,550590,1408115,0.64
2013-05-30,1030791,492508,1523299,0.48
2013-05-31,880284,577641,1457925,0.66
2013-06-03,931143,582323,1513466,0.63
2013-06-04,894939,603049,1497988,0.67
2013-06-05,835660,609976,1445636,0.73
2013-06-06,859324,539721,1399045,0.63
2013-06-07,976741,655799,1632540,0.67
2013-06-10,845798,501983,1347781,0.59
2013-06-11,788150,635892,1424042,0.81
2013-06-12,725716,540785,1266501,0.75
2013-06-13,777567,486640,1264207,0.63
2013-06-14,758927,554549,1313476,0.73
2013-06-17,877602,571871,1449473,0.65
2013-06-18,940922,508724,1449646,0.54
2013-06-19,854718,559941,1414659,0.66
2013-06-20,1220384,964067,2184451,0.79
2013-06-21,1517087,1247238,2764325,0.82
2013-06-24,1175933,769071,1945004,0.65
2013-06-25,856425,503173,1359598,0.59
2013-06-26,882003,595294,1477297,0.67
2013-06-27,896389,640428,1536817,0.71
2013-06-28,833558,546963,1380521,0.66
2013-07-01,800235,479294,1279529,0.6
2013-07-02,816181,531877,1348058,0.65
2013-07-03,464302,353401,817703,0.76
2013-07-05,701172,424061,1125233,0.6
2013-07-08,800223,554842,1355065,0.69
2013-07-09,1004361,546116,1550477,0.54
2013-07-10,909653,520132,1429785,0.57
2013-07-11,1088343,625051,1713394,0.57
2013-07-12,992492,661075,1653567,0.67
2013-07-15,1041127,549537,1590664,0.53
2013-07-16,1056233,672482,1728715,0.64
2013-07-17,1180834,729781,1910615,0.62
2013-07-18,1431352,709351,2140703,0.5
2013-07-19,1550856,843540,2394396,0.54
2013-07-22,1022900,682552,1705452,0.67
2013-07-23,1058992,693978,1752970,0.66
2013-07-24,1101178,717390,1818568,0.65
2013-07-25,1155473,683664,1839137,0.59
2013-07-26,966413,622756,1589169,0.64
2013-07-29,883035,527507,1410542,0.6
2013-07-30,1140176,637829,1778005,0.56
2013-07-31,1088383,649966,1738349,0.6
2013-08-01,1178959,650748,1829707,0.55
2013-08-02,1051078,607739,1658817,0.58
2013-08-05,931789,548187,1479976,0.59
2013-08-06,987293,622038,1609331,0.63
2013-08-07,987502,625431,1612933,0.63
2013-08-08,1114452,641593,1756045,0.58
2013-08-09,1116893,650352,1767245,0.58
2013-08-12,1034464,571858,1606322,0.55
2013-08-13,1360792,669341,2030133,0.49
2013-08-14,1326331,708597,2034928,0.53
2013-08-15,1293346,848218,2141564,0.66
2013-08-16,1338157,798234,2136391,0.6
2013-08-19,1102624,595360,1697984,0.54
2013-08-20,992955,603745,1596700,0.61
2013-08-21,938774,605156,1543930,0.64
2013-08-22,791998,434075,1226073,0.55
2013-08-23,1069709,641067,1710776,0.6
2013-08-26,902411,547455,1449866,0.61
2013-08-27,919663,625133,1544796,0.68
2013-08-28,819541,446751,1266292,0.55
2013-08-29,767414,461727,1229141,0.6
2013-08-30,696974,470454,1167428,0.67
2013-09-03,947368,513901,1461269,0.54
2013-09-04,988507,538592,1527099,0.54
2013-09-05,923418,481843,1405261,0.52
2013-09-06,1125139,563541,1688680,0.5
2013-09-09,1057353,479336,1536689,0.45
2013-09-10,1178951,566417,1745368,0.48
2013-09-11,1066539,651879,1718418,0.61
2013-09-12,985262,624424,1609686,0.63
2013-09-13,907155,541493,1448648,0.6
2013-09-16,990144,567465,1557609,0.57
2013-09-17,1001072,574060,1575132,0.57
2013-09-18,1353970,720318,2074288,0.53
2013-09-19,1334625,764473,2099098,0.57
2013-09-20,1410621,841277,2251898,0.6
2013-09-23,1103600,769159,1872759,0.7
2013-09-24,1213513,684217,1897730,0.56
2013-09-25,998811,615794,1614605,0.62
2013-09-26,1372332,668252,2040584,0.49
2013-09-27,1098107,768766,1866873,0.7
2013-09-30,892766,680664,1573430,0.76
2013-10-01,1058205,557455,1615660,0.53
2013-10-02,989049,598837,1587886,0.61
2013-10-03,1025559,712575,1738134,0.69
2013-10-04,1027808,605763,1633571,0.59
2013-10-07,900560,543556,1444116,0.6
2013-10-08,1096605,789272,1885877,0.72
2013-10-09,1141280,784876,1926156,0.69
2013-10-10,1071340,669637,1740977,0.63
2013-10-11,1134755,677311,1812066,0.6
2013-10-14,926472,551031,1477503,0.59
2013-10-15,1076966,711160,1788126,0.66
2013-10-16,1220545,659086,1879631,0.54
2013-10-17,1420025,768132,2188157,0.54
2013-10-18,2062165,944934,3007099,0.46
2013-10-21,1431721,765823,2197544,0.53
2013-10-22,1434251,780403,2214654,0.54
2013-10-23,1323496,772000,2095496,0.58
2013-10-24,1320529,786479,2107008,0.6
2013-10-25,1223113,784715,2007828,0.64
2013-10-28,1255763,659765,1915528,0.53
2013-10-29,1429088,740134,2169222,0.52
2013-10-30,1260066,753919,2013985,0.6
2013-10-31,1232305,699013,1931318,0.57
2013-11-01,1166171,708134,1874305,0.61
2013-11-04,1198172,649486,1847658,0.54
2013-11-05,1162203,660127,1822330,0.57
2013-11-06,1202490,702505,1904995,0.58
2013-11-07,1429654,819267,2248921,0.57
2013-11-08,1412367,716262,2128629,0.51
2013-11-11,1065479,555297,1620776,0.52
2013-11-12,1130728,625004,1755732,0.55
2013-11-13,1172404,651593,1823997,0.56
2013-11-14,1328265,781600,2109865,0.59
2013-11-15,1527023,836216,2363239,0.55
2013-11-18,1403036,816473,2219509,0.58
2013-11-19,1056727,728222,1784949,0.69
2013-11-20,993467,626207,1619674,0.63
2013-11-21,1170485,558737,1729222,0.48
2013-11-22,1199895,718540,1918435,0.6
2013-11-25,1129604,610053,1739657,0.54
2013-11-26,1148435,620271,1768706,0.54
2013-11-27,962310,572765,1535075,0.6
2013-11-29,675800,321804,997604,0.48
2013-12-02,1022657,526172,1548829,0.51
2013-12-03,998346,605372,1603718,0.61
2013-12-04,1021052,576083,1597135,0.56
2013-12-05,1091333,564836,1656169,0.52
2013-12-06,1150004,610125,1760129,0.53
2013-12-09,987552,610511,1598063,0.62
2013-12-10,933277,537039,1470316,0.58
2013-12-11,988384,609726,1598110,0.62
2013-12-12,1070098,563694,1633792,0.53
2013-12-13,964168,643938,1608106,0.67
2013-12-16,967608,481954,1449562,0.5
2013-12-17,1052970,561173,1614143,0.53
2013-12-18,1307296,814502,2121798,0.62
2013-12-19,1173892,611810,1785702,0.52
2013-12-20,1674286,831986,2506272,0.5
2013-12-23,1329187,654076,1983263,0.49
2013-12-24,617199,286322,903521,0.46
2013-12-26,841970,496660,1338630,0.59
2013-12-27,1060337,567824,1628161,0.54
2013-12-30,1029930,506622,1536552,0.49
2013-12-31,993447,453040,1446487,0.46
2014-01-02,1095587,616347,1711934,0.56
2014-01-03,1148373,623494,1771867,0.54
2014-01-06,1287636,673624,1961260,0.52
2014-01-07,1414866,667557,2082423,0.47
2014-01-08,1414755,710741,2125496,0.5
2014-01-09,1492315,814895,2307210,0.55
2014-01-10,1608895,849179,2458074,0.53
2014-01-13,1440922,878355,2319277,0.61
2014-01-14,1394833,726999,2121832,0.52
2014-01-15,1845563,891302,2736865,0.48
2014-01-16,1576034,890926,2466960,0.57
2014-01-17,1979449,1049060,3028509,0.53
2014-01-21,1492797,857055,2349852,0.57
2014-01-22,1407929,734749,2142678,0.52
2014-01-23,1346004,879643,2225647,0.65
2014-01-24,1660673,1146225,2806898,0.69
2014-01-27,1496685,793579,2290264,0.53
2014-01-28,1225915,648952,1874867,0.53
2014-01-29,1202254,746970,1949224,0.62
2014-01-30,1345559,726483,2072042,0.54
2014-01-31,1343844,886751,2230595,0.66
2014-02-03,1366803,840283,2207086,0.61
2014-02-04,1159295,693919,1853214,0.6
2014-02-05,1254114,772771,2026885,0.62
2014-02-06,1258650,765132,2023782,0.61
2014-02-07,1385288,939405,2324693,0.68
2014-02-10,1016821,717369,1734190,0.71
2014-02-11,1282550,707899,1990449,0.55
2014-02-12,1091205,698278,1789483,0.64
2014-02-13,1353117,768603,2121720,0.57
2014-02-14,1254467,720650,1975117,0.57
2014-02-18,1231461,749959,1981420,0.61
2014-02-19,1311492,724952,2036444,0.55
2014-02-20,1300181,751977,2052158,0.58
2014-02-21,1619551,894944,2514495,0.55
2014-02-24,1446605,794231,2240836,0.55
2014-02-25,1291604,730752,2022356,0.57
2014-02-26,1313950,755043,2068993,0.57
2014-02-27,1215816,710189,1926005,0.58
2014-02-28,1422140,895915,2318055,0.63
2014-03-03,1021232,634616,1655848,0.62
2014-03-04,1293919,617979,1911898,0.48
2014-03-05,1350090,614508,1964598,0.46
2014-03-06,1337040,703345,2040385,0.53
2014-03-07,1283407,709704,1993111,0.55
2014-03-10,973428,650435,1623863,0.67
2014-03-11,1190112,691972,1882084,0.58
2014-03-12,949706,672270,1621976,0.71
2014-03-13,1224166,846943,2071109,0.69
2014-03-14,1255743,864258,2120001,0.69
2014-03-17,987063,560258,1547321,0.57
2014-03-18,1044200,569299,1613499,0.55
2014-03-19,1128832,596821,1725653,0.53
2014-03-20,1313327,718867,2032194,0.55
2014-03-21,1623688,1004979,2628667,0.62
2014-03-24,1230940,807877,2038817,0.66
2014-03-25,1201404,641657,1843061,0.53
2014-03-26,1190334,765067,1955401,0.64
2014-03-27,1245466,712028,1957494,0.57
2014-03-28,1132631,728463,1861094,0.64
2014-03-31,957440,543919,1501359,0.57
2014-04-01,1140176,535526,1675702,0.47
2014-04-02,1034225,532460,1566685,0.51
2014-04-03,1036264,616291,1652555,0.59
2014-04-04,1353316,881123,2234439,0.65
2014-04-07,1191687,735204,1926891,0.62
2014-04-08,992829,558607,1551436,0.56
2014-04-09,1215530,551511,1767041,0.45
2014-04-10,1030621,720460,1751081,0.7
2014-04-11,1085976,814735,1900711,0.75
2014-04-14,930636,569535,1500171,0.61
2014-04-15,1193003,703254,1896257,0.59
2014-04-16,1219255,651101,1870356,0.53
2014-04-17,1461005,838080,2299085,0.57
2014-04-21,1068453,502807,1571260,0.47
2014-04-22,1089786,520429,1610215,0.48
2014-04-23,1052651,728528,1781179,0.69
2014-04-24,1258327,767066,2025393,0.61
2014-04-25,1205943,861370,2067313,0.71
2014-04-28,1258431,865253,2123684,0.69
2014-04-29,1090565,666455,1757020,0.61
2014-04-30,1125769,608590,1734359,0.54
2014-05-01,1192726,668824,1861550,0.56
2014-05-02,955063,621648,1576711,0.65
2014-05-05,781443,508622,1290065,0.65
2014-05-06,1049527,713728,1763255,0.68
2014-05-07,1183947,798214,1982161,0.67
2014-05-08,1095234,718012,1813246,0.66
2014-05-09,981880,710647,1692527,0.72
2014-05-12,1045035,552397,1597432,0.53
2014-05-13,981878,598112,1579990,0.61
2014-05-14,839671,600405,1440076,0.72
2014-05-15,1075564,741764,1817328,0.69
2014-05-16,1149404,783528,1932932,0.68
2014-05-19,1031567,556188,1587755,0.54
2014-05-20,893701,589710,1483411,0.66
2014-05-21,851930,575500,1427430,0.68
2014-05-22,861051,610257,1471308,0.71
2014-05-23,1016591,591881,1608472,0.58
2014-05-27,1090183,580342,1670525,0.53
2014-05-28,863949,486654,1350603,0.56
2014-05-29,1036011,543871,1579882,0.52
2014-05-30,1145218,638659,1783877,0.56
2014-06-02,774029,482891,1256920,0.62
2014-06-03,811243,468995,1280238,0.58
2014-06-04,1145475,493350,1638825,0.43
2014-06-05,1073466,535021,1608487,0.5
2014-06-06,1281037,608426,1889463,0.47
2014-06-09,1128969,536838,1665807,0.48
2014-06-10,1218867,628130,1846997,0.52
2014-06-11,1047813,525927,1573740,0.5
2014-06-12,1277212,650399,1927611,0.51
2014-06-13,1154670,645157,1799827,0.56
2014-06-16,993144,473976,1467120,0.48
2014-06-17,1033096,503924,1537020,0.49
2014-06-18,1349175,516593,1865768,0.38
2014-06-19,1206358,561002,1767360,0.47
2014-06-20,1600399,825912,2426311,0.52
2014-06-23,1231397,666232,1897629,0.54
2014-06-24,1203627,625342,1828969,0.52
2014-06-25,1064427,517206,1581633,0.49
2014-06-26,980298,565779,1546077,0.58
2014-06-27,1032959,538787,1571746,0.52
2014-06-30,1020910,513842,1534752,0.5
2014-07-01,1212579,623259,1835838,0.51
2014-07-02,1020080,585984,1606064,0.57
2014-07-03,814918,401851,1216769,0.49
2014-07-07,1074838,653092,1727930,0.61
2014-07-08,1225028,768609,1993637,0.63
2014-07-09,996828,539015,1535843,0.54
2014-07-10,981919,658585,1640504,0.67
2014-07-11,1176086,635493,1811579,0.54
2014-07-14,1034655,596017,1630672,0.58
2014-07-15,1070916,621050,1691966,0.58
2014-07-16,1544338,770552,2314890,0.5
2014-07-17,1336899,889963,2226862,0.67
2014-07-18,1554179,865032,2419211,0.56
2014-07-21,989087,612984,1602071,0.62
2014-07-22,1204019,707694,1911713,0.59
2014-07-23,1451893,853875,2305768,0.59
2014-07-24,1265176,730137,1995313,0.58
2014-07-25,1165984,717631,1883615,0.62
2014-07-28,1014794,595747,1610541,0.59
2014-07-29,1069898,639071,1708969,0.6
2014-07-30,1175991,673820,1849811,0.57
2014-07-31,1443155,916681,2359836,0.64
2014-08-01,1116272,1156395,2272667,1.04
2014-08-04,817377,513555,1330932,0.63
2014-08-05,792536,586926,1379462,0.74
2014-08-06,856101,686877,1542978,0.8
2014-08-07,1004791,648128,1652919,0.65
2014-08-08,908680,594034,1502714,0.65
2014-08-11,884384,502522,1386906,0.57
2014-08-12,809947,539081,1349028,0.67
2014-08-13,1019648,665552,1685200,0.65
2014-08-14,1012068,607912,1619980,0.6
2014-08-15,1350137,855030,2205167,0.63
2014-08-18,1104230,553213,1657443,0.5
2014-08-19,969422,561842,1531264,0.58
2014-08-20,825343,462892,1288235,0.56
2014-08-21,975017,497556,1472573,0.51
2014-08-22,999928,561866,1561794,0.56
2014-08-25,729525,463559,1193084,0.64
2014-08-26,886857,472129,1358986,0.53
2014-08-27,858107,529634,1387741,0.62
2014-08-28,774286,476577,1250863,0.62
2014-08-29,897281,506634,1403915,0.56
2014-09-02,1112719,704985,1817704,0.63
2014-09-03,1242695,802673,2045368,0.65
2014-09-04,1110373,723850,1834223,0.65
2014-09-05,1167493,724797,1892290,0.62
2014-09-08,1043570,636780,1680350,0.61
2014-09-09,1298158,759590,2057748,0.59
2014-09-10,1187148,691423,1878571,0.58
2014-09-11,986233,627508,1613741,0.64
2014-09-12,1352531,785721,2138252,0.58
2014-09-15,1191979,731113,1923092,0.61
2014-09-16,1104894,706969,1811863,0.64
2014-09-17,1068025,621497,1689522,0.58
2014-09-18,1228861,762798,1991659,0.62
2014-09-19,1712051,939686,2651737,0.55
2014-09-22,1159234,794183,1953417,0.69
2014-09-23,1038232,681676,1719908,0.66
2014-09-24,988521,625336,1613857,0.63
2014-09-25,1098824,848474,1947298,0.77
2014-09-26,992295,703023,1695318,0.71
2014-09-29,901681,635172,1536853,0.7
2014-09-30,1058595,692797,1751392,0.65
2014-10-01,1040041,815545,1855586,0.78
2014-10-02,1293607,796103,2089710,0.62
2014-10-03,1295434,693298,1988732,0.54
2014-10-06,996033,627190,1623223,0.63
2014-10-07,1039321,659251,1698572,0.63
2014-10-08,1344522,882366,2226888,0.66
2014-10-09,1248713,940010,2188723,0.75
2014-10-10,1391179,1207411,2598590,0.87
2014-10-13,1064687,969292,2033979,0.91
2014-10-14,1218284,954952,2173236,0.78
2014-10-15,1547938,1173661,2721599,0.76
2014-10-16,1357788,865669,2223457,0.64
2014-10-17,1532980,1085677,2618657,0.71
2014-10-20,1150775,674191,1824966,0.59
2014-10-21,1360425,821370,2181795,0.6
2014-10-22,1093621,811603,1905224,0.74
2014-10-23,1219121,744641,1963762,0.61
2014-10-24,1217007,765885,1982892,0.63
2014-10-27,916671,609083,1525754,0.66
2014-10-28,1222794,818915,2041709,0.67
2014-10-29,1089307,789150,1878457,0.72
2014-10-30,1182953,687197,1870150,0.58
2014-10-31,1611418,810601,2422019,0.5
2014-11-03,1157725,702597,1860322,0.61
2014-11-04,1019783,679470,1699253,0.67
2014-11-05,1015430,638753,1654183,0.63
2014-11-06,1028457,705352,1733809,0.69
2014-11-07,1166907,661445,1828352,0.57
2014-11-10,940321,629553,1569874,0.67
2014-11-11,860137,553978,1414115,0.64
2014-11-12,1207781,733384,1941165,0.61
2014-11-13,1328653,752423,2081076,0.57
2014-11-14,1310676,694455,2005131,0.53
2014-11-17,1140115,634422,1774537,0.56
2014-11-18,1272792,599152,1871944,0.47
2014-11-19,1059306,632848,1692154,0.6
2014-11-20,1156174,631602,1787776,0.55
2014-11-21,1582985,771664,2354649,0.49
2014-11-24,1126568,613312,1739880,0.54
2014-11-25,1050732,655394,1706126,0.62
2014-11-26,913352,577949,1491301,0.63
2014-11-28,810374,526359,1336733,0.65
2014-12-01,1247547,776232,2023779,0.62
2014-12-02,953300,615297,1568597,0.65
2014-12-03,935706,604914,1540620,0.65
2014-12-04,876429,579656,1456085,0.66
2014-12-05,1329311,663258,1992569,0.5
2014-12-08,1240062,764250,2004312,0.62
2014-12-09,996670,774691,1771361,0.78
2014-12-10,1002145,743328,1745473,0.74
2014-12-11,928958,664359,1593317,0.72
2014-12-12,1086847,855211,1942058,0.79
2014-12-15,1234503,920988,2155491,0.75
2014-12-16,1101241,811260,1912501,0.74
2014-12-17,1091917,772942,1864859,0.71
2014-12-18,1196527,691629,1888156,0.58
2014-12-19,1425468,835661,2261129,0.59
2014-12-22,1173290,575930,1749220,0.49
2014-12-23,1119764,582043,1701807,0.52
2014-12-24,465330,279144,744474,0.6
2014-12-26,764179,421432,1185611,0.55
2014-12-29,715893,460147,1176040,0.64
2014-12-30,659330,437283,1096613,0.66
2014-12-31,906399,507239,1413638,0.56
2015-01-02,813248,649175,1462423,0.8
2015-01-05,885287,695746,1581033,0.79
2015-01-06,1298604,770872,2069476,0.59
2015-01-07,949054,690637,1639691,0.73
2015-01-08,1215395,655615,1871010,0.54
2015-01-09,1023253,654819,1678072,0.64
2015-01-12,982561,672618,1655179,0.68
2015-01-13,1346444,883389,2229833,0.66
2015-01-14,1136349,856272,1992621,0.75
2015-01-15,1236347,893380,2129727,0.72
2015-01-16,1610252,1095682,2705934,0.68
2015-01-20,942491,578526,1521017,0.61
2015-01-21,865632,519089,1384721,0.6
2015-01-22,1121261,649877,1771138,0.58
2015-01-23,995244,695310,1690554,0.7
2015-01-26,865102,568997,1434099,0.66
2015-01-27,945523,716428,1661951,0.76
2015-01-28,1235207,830467,2065674,0.67
2015-01-29,1143484,902777,2046261,0.79
2015-01-30,1121537,757868,1879405,0.68
2015-02-02,776991,590705,1367696,0.76
2015-02-03,1113184,599278,1712462,0.54
2015-02-04,971527,572415,1543942,0.59
2015-02-05,1023640,679280,1702920,0.66
2015-02-06,1210669,834697,2045366,0.69
2015-02-09,812519,611411,1423930,0.75
2015-02-10,897029,590045,1487074,0.66
2015-02-11,1050724,658556,1709280,0.63
2015-02-12,1303587,720993,2024580,0.55
2015-02-13,1318555,739576,2058131,0.56
2015-02-17,1008659,586234,1594893,0.58
2015-02-18,971501,562922,1534423,0.58
2015-02-19,1143088,625633,1768721,0.55
2015-02-20,1365182,727169,2092351,0.53
2015-02-23,1010308,623947,1634255,0.62
2015-02-24,1053088,599174,1652262,0.57
2015-02-25,1074931,684344,1759275,0.64
2015-02-26,1139947,744545,1884492,0.65
2015-02-27,1058409,682380,1740789,0.64
2015-03-02,777346,444643,1221989,0.57
2015-03-03,830818,545030,1375848,0.66
2015-03-04,798636,489223,1287859,0.61
2015-03-05,916597,588088,1504685,0.64
2015-03-06,1116602,743627,1860229,0.67
2015-03-09,884937,575347,1460284,0.65
2015-03-10,885807,596476,1482283,0.67
2015-03-11,872647,580798,1453445,0.67
2015-03-12,947977,618462,1566439,0.65
2015-03-13,884064,706676,1590740,0.8
2015-03-16,798554,548211,1346765,0.69
2015-03-17,779655,579485,1359140,0.74
2015-03-18,979088,639101,1618189,0.65
2015-03-19,987129,583905,1571034,0.59
2015-03-20,1319315,756553,2075868,0.57
2015-03-23,907438,503796,1411234,0.56
2015-03-24,751475,523710,1275185,0.7
2015-03-25,987157,684767,1671924,0.69
2015-03-26,994232,581586,1575818,0.58
2015-03-27,789359,625401,1414760,0.79
2015-03-30,794197,419926,1214123,0.53
2015-03-31,663299,433090,1096389,0.65
2015-04-01,761303,580431,1341734,0.76
2015-04-02,756875,611739,1368614,0.81
2015-04-06,773281,383367,1156648,0.5
2015-04-07,689156,409014,1098170,0.59
2015-04-08,789917,474811,1264728,0.6
2015-04-09,758171,452847,1211018,0.6
2015-04-10,984782,531953,1516735,0.54
2015-04-13,865840,512653,1378493,0.59
2015-04-14,827264,546388,1373652,0.66
2015-04-15,1066847,631818,1698665,0.59
2015-04-16,1062271,708283,1770554,0.67
2015-04-17,1190104,877867,2067971,0.74
2015-04-20,991351,553385,1544736,0.56
2015-04-21,791276,505138,1296414,0.64
2015-04-22,997741,572000,1569741,0.57
2015-04-23,1052971,691952,1744923,0.66
2015-04-24,1155044,696136,1851180,0.6
2015-04-27,1047466,685131,1732597,0.65
2015-04-28,1121640,714654,1836294,0.64
2015-04-29,1067503,733279,1800782,0.69
2015-04-30,1037691,751906,1789597,0.72
2015-05-01,1029649,629136,1658785,0.61
2015-05-04,789566,431329,1220895,0.55
2015-05-05,884002,657404,1541406,0.74
2015-05-06,881868,646786,1528654,0.73
2015-05-07,751025,519715,1270740,0.69
2015-05-08,1024172,559959,1584131,0.55
2015-05-11,724288,439172,1163460,0.61
2015-05-12,695793,445738,1141531,0.64
2015-05-13,796087,449568,1245655,0.56
2015-05-14,907237,542668,1449905,0.6
2015-05-15,1076432,600873,1677305,0.56
2015-05-18,922192,608786,1530978,0.66
2015-05-19,803780,475949,1279729,0.59
2015-05-20,828220,481436,1309656,0.58
2015-05-21,788524,559851,1348375,0.71
2015-05-22,758622,488171,1246793,0.64
2015-05-26,731884,538147,1270031,0.74
2015-05-27,739801,430444,1170245,0.58
2015-05-28,685900,484098,1169998,0.71
2015-05-29,837624,474986,1312610,0.57
2015-06-01,795045,524175,1319220,0.66
2015-06-02,718968,389004,1107972,0.54
2015-06-03,769105,393757,1162862,0.51
2015-06-04,823072,503836,1326908,0.61
2015-06-05,801071,489179,1290250,0.61
2015-06-08,795341,485865,1281206,0.61
2015-06-09,752022,470424,1222446,0.63
2015-06-10,956113,437968,1394081,0.46
2015-06-11,710363,416199,1126562,0.59
2015-06-12,705718,475420,1181138,0.67
2015-06-15,672729,446621,1119350,0.66
2015-06-16,696396,447488,1143884,0.64
2015-06-17,816228,449783,1266011,0.55
2015-06-18,876345,557008,1433353,0.64
2015-06-19,998061,625415,1623476,0.63
2015-06-22,812292,452184,1264476,0.56
2015-06-23,779859,478441,1258300,0.61
2015-06-24,817929,422248,1240177,0.52
2015-06-25,719633,467709,1187342,0.65
2015-06-26,782894,580590,1363484,0.74
2015-06-29,710695,665510,1376205,0.94
2015-06-30,639602,535007,1174609,0.84
2015-07-01,650570,405178,1055748,0.62
2015-07-02,591448,412949,1004397,0.7
2015-07-06,689268,446441,1135709,0.65
2015-07-07,877764,683815,1561579,0.78
2015-07-08,647140,560924,1208064,0.87
2015-07-09,806406,556342,1362748,0.69
2015-07-10,768790,516646,1285436,0.67
2015-07-13,816857,452479,1269336,0.55
2015-07-14,786771,497364,1284135,0.63
2015-07-15,787137,534632,1321769,0.68
2015-07-16,969909,688171,1658080,0.71
2015-07-17,1230884,679313,1910197,0.55
2015-07-20,1031393,579921,1611314,0.56
2015-07-21,802074,552672,1354746,0.69
2015-07-22,1038895,638721,1677616,0.61
2015-07-23,869933,680213,1550146,0.78
2015-07-24,877490,754525,1632015,0.86
2015-07-27,739156,544485,1283641,0.74
2015-07-28,794616,495239,1289855,0.62
2015-07-29,895660,559486,1455146,0.62
2015-07-30,931308,468036,1399344,0.5
2015-07-31,778472,532348,1310820,0.68
2015-08-03,775995,569751,1345746,0.73
2015-08-04,811805,610690,1422495,0.75
2015-08-05,899234,688704,1587938,0.77
2015-08-06,835307,684295,1519602,0.82
2015-08-07,711962,591001,1302963,0.83
2015-08-10,706076,463493,1169569,0.66
2015-08-11,775401,609468,1384869,0.79
2015-08-12,887955,736374,1624329,0.83
2015-08-13,640879,473653,1114532,0.74
2015-08-14,647314,436409,1083723,0.67
2015-08-17,850654,590599,1441253,0.69
2015-08-18,576344,378749,955093,0.66
2015-08-19,707568,573359,1280927,0.81
2015-08-20,953837,780901,1734738,0.82
2015-08-21,1255393,1304012,2559405,1.04
2015-08-24,1002932,876166,1879098,0.87
2015-08-25,852856,595154,1448010,0.7
2015-08-26,810339,687228,1497567,0.85
2015-08-27,941270,713020,1654290,0.76
2015-08-28,726296,524450,1250746,0.72
2015-08-31,588595,386287,974882,0.66
2015-09-01,738242,544548,1282790,0.74
2015-09-02,663121,481877,1144998,0.73
2015-09-03,617988,421553,1039541,0.68
2015-09-04,535567,475878,1011445,0.89
2015-09-08,622117,408701,1030818,0.66
2015-09-09,892082,636770,1528852,0.71
2015-09-10,633412,488693,1122105,0.77
2015-09-11,561230,453314,1014544,0.81
2015-09-14,637942,580297,1218239,0.91
2015-09-15,787708,681650,1469358,0.87
2015-09-16,760840,557526,1318366,0.73
2015-09-17,877049,651203,1528252,0.74
2015-09-18,911801,759499,1671300,0.83
2015-09-21,768851,423956,1192807,0.55
2015-09-22,596135,474526,1070661,0.8
2015-09-23,538719,373969,912688,0.69
2015-09-24,647767,559508,1207275,0.86
2015-09-25,661635,492306,1153941,0.74
2015-09-28,589762,552872,1142634,0.94
2015-09-29,574740,543951,1118691,0.95
2015-09-30,595452,416425,1011877,0.7
2015-10-01,600173,437216,1037389,0.73
2015-10-02,835496,560257,1395753,0.67
2015-10-05,813612,501108,1314720,0.62
2015-10-06,657878,447637,1105515,0.68
2015-10-07,726649,600156,1326805,0.83
2015-10-08,712465,501224,1213689,0.7
2015-10-09,720690,461592,1182282,0.64
2015-10-12,519574,346328,865902,0.67
2015-10-13,565079,452778,1017857,0.8
2015-10-14,691344,518053,1209397,0.75
2015-10-15,945970,818784,1764754,0.87
2015-10-16,1363144,830396,2193540,0.61
2015-10-19,752685,507421,1260106,0.67
2015-10-20,698740,487702,1186442,0.7
2015-10-21,685376,566036,1251412,0.83
2015-10-22,819713,541564,1361277,0.66
2015-10-23,1035678,650879,1686557,0.63
2015-10-26,897008,643928,1540936,0.72
2015-10-27,861273,634188,1495461,0.74
2015-10-28,1163315,629839,1793154,0.54
2015-10-29,920482,517364,1437846,0.56
2015-10-30,1144803,680230,1825033,0.59
2015-11-02,777267,454662,1231929,0.58
2015-11-03,912338,643232,1555570,0.71
2015-11-04,832515,605926,1438441,0.73
2015-11-05,1050123,662047,1712170,0.63
2015-11-06,1069349,706384,1775733,0.66
2015-11-09,770184,586808,1356992,0.76
2015-11-10,926296,744623,1670919,0.8
2015-11-11,860814,510799,1371613,0.59
2015-11-12,936647,775492,1712139,0.83
2015-11-13,868792,852000,1720792,0.98
2015-11-16,726547,514674,1241221,0.71
2015-11-17,953324,787142,1740466,0.83
2015-11-18,1099615,794659,1894274,0.72
2015-11-19,1066858,847678,1914536,0.79
2015-11-20,937195,631869,1569064,0.67
2015-11-23,705529,425957,1131486,0.6
2015-11-24,618712,414932,1033644,0.67
2015-11-25,532578,347036,879614,0.65
2015-11-27,258517,197134,455651,0.76
2015-11-30,526165,342278,868443,0.65
2015-12-01,594385,363997,958382,0.61
2015-12-02,658852,442130,1100982,0.67
2015-12-03,601369,538969,1140338,0.9
2015-12-04,712072,436353,1148425,0.61
2015-12-07,583081,482396,1065477,0.83
2015-12-08,506864,487429,994293,0.96
2015-12-09,654713,433836,1088549,0.66
2015-12-10,496637,359265,855902,0.72
2015-12-11,756163,694792,1450955,0.92
2015-12-14,1423704,817803,2241507,0.57
2015-12-15,828132,548624,1376756,0.66
2015-12-16,1009497,548574,1558071,0.54
2015-12-17,759912,585243,1345155,0.77
2015-12-18,1202971,927371,2130342,0.77
2015-12-21,654244,418672,1072916,0.64
2015-12-22,626858,350080,976938,0.56
2015-12-23,689362,387942,1077304,0.56
2015-12-24,329158,188972,518130,0.57
2015-12-28,415808,504746,920554,1.21
2015-12-29,522386,280795,803181,0.54
2015-12-30,530003,314592,844595,0.59
2015-12-31,550810,380480,931290,0.69
2016-01-04,775278,618316,1393594,0.8
2016-01-05,685261,447300,1132561,0.65
2016-01-06,795913,556943,1352856,0.7
2016-01-07,936704,832730,1769434,0.89
2016-01-08,805323,745261,1550584,0.93
2016-01-11,788011,740361,1528372,0.94
2016-01-12,726015,625189,1351204,0.86
2016-01-13,738452,675682,1414134,0.91
2016-01-14,1529365,1250783,2780148,0.82
2016-01-15,977462,1110422,2087884,1.14
2016-01-19,809527,503120,1312647,0.62
2016-01-20,1156918,682213,1839131,0.59
2016-01-21,742255,515502,1257757,0.69
2016-01-22,845652,542233,1387885,0.64
2016-01-25,655665,453984,1109649,0.69
2016-01-26,724081,447812,1171893,0.62
2016-01-27,865712,613916,1479628,0.71
2016-01-28,871135,543920,1415055,0.62
2016-01-29,1003313,584115,1587428,0.58
2016-02-01,626244,392746,1018990,0.63
2016-02-02,630169,477820,1107989,0.76
2016-02-03,739416,609491,1348907,0.82
2016-02-04,861435,642858,1504293,0.75
2016-02-05,759650,701507,1461157,0.92
2016-02-08,720050,672462,1392512,0.93
2016-02-09,686451,523896,1210347,0.76
2016-02-10,667836,519966,1187802,0.78
2016-02-11,784297,749463,1533760,0.96
2016-02-12,810883,573994,1384877,0.71
2016-02-16,701563,558658,1260221,0.8
2016-02-17,882426,597779,1480205,0.68
2016-02-18,695091,518206,1213297,0.75
2016-02-19,1140734,998046,2138780,0.87
2016-02-22,806315,463986,1270301,0.58
2016-02-23,602882,429382,1032264,0.71
2016-02-24,754038,533065,1287103,0.71
2016-02-25,632738,393838,1026576,0.62
2016-02-26,815309,520333,1335642,0.64
2016-02-29,602125,363665,965790,0.6
2016-03-01,724475,490587,1215062,0.68
2016-03-02,783787,499105,1282892,0.64
2016-03-03,887285,488850,1376135,0.55
2016-03-04,1175072,693598,1868670,0.59
2016-03-07,766497,513072,1279569,0.67
2016-03-08,539457,484756,1024213,0.9
2016-03-09,606850,411459,1018309,0.68
2016-03-10,608375,447734,1056109,0.74
2016-03-11,811985,483356,1295341,0.6
2016-03-14,603636,415565,1019201,0.69
2016-03-15,602936,512890,1115826,0.85
2016-03-16,695994,491825,1187819,0.71
2016-03-17,914149,575112,1489261,0.63
2016-03-18,1218012,663868,1881880,0.55
2016-03-21,527615,376417,904032,0.71
2016-03-22,584139,513263,1097402,0.88
2016-03-23,600767,506295,1107062,0.84
2016-03-24,617616,507322,1124938,0.82
2016-03-28,508126,333607,841733,0.66
2016-03-29,698255,423600,1121855,0.61
2016-03-30,675223,415467,1090690,0.62
2016-03-31,540195,369225,909420,0.68
2016-04-01,643158,404404,1047562,0.63
2016-04-04,604114,392893,997007,0.65
2016-04-05,564527,390906,955433,0.69
2016-04-06,588174,356712,944886,0.61
2016-04-07,720321,491071,1211392,0.68
2016-04-08,627216,467361,1094577,0.75
2016-04-11,592780,386902,979682,0.65
2016-04-12,726756,526897,1253653,0.72
2016-04-13,961493,582561,1544054,0.61
2016-04-14,781226,534856,1316082,0.68
2016-04-15,1026561,645511,1672072,0.63
2016-04-18,892475,612637,1505112,0.69
2016-04-19,827042,553101,1380143,0.67
2016-04-20,756168,514252,1270420,0.68
2016-04-21,716250,610703,1326953,0.85
2016-04-22,931151,565952,1497103,0.61
2016-04-25,617144,433109,1050253,0.7
2016-04-26,872326,458647,1330973,0.53
2016-04-27,1129116,619620,1748736,0.55
2016-04-28,1036492,800515,1837007,0.77
2016-04-29,954673,817026,1771699,0.86
2016-05-02,635725,470392,1106117,0.74
2016-05-03,755146,580693,1335839,0.77
2016-05-04,703647,562726,1266373,0.8
2016-05-05,708177,566734,1274911,0.8
2016-05-06,718072,659887,1377959,0.92
2016-05-09,617936,530655,1148591,0.86
2016-05-10,663565,602672,1266237,0.91
2016-05-11,597379,476924,1074303,0.8
2016-05-12,688668,550935,1239603,0.8
2016-05-13,697241,584639,1281880,0.84
2016-05-16,723416,431815,1155231,0.6
2016-05-17,669465,539064,1208529,0.81
2016-05-18,732150,552373,1284523,0.75
2016-05-19,727104,581805,1308909,0.8
2016-05-20,898943,704854,1603797,0.78
2016-05-23,733580,475412,1208992,0.65
2016-05-24,712838,426691,1139529,0.6
2016-05-25,822999,511648,1334647,0.62
2016-05-26,749704,415415,1165119,0.55
2016-05-27,706435,358495,1064930,0.51
2016-05-31,694070,399620,1093690,0.58
2016-06-01,694650,385270,1079920,0.55
2016-06-02,662424,459196,1121620,0.69
2016-06-03,792987,470591,1263578,0.59
2016-06-06,646574,382361,1028935,0.59
2016-06-07,687728,417695,1105423,0.61
2016-06-08,656375,389764,1046139,0.59
2016-06-09,620328,446348,1066676,0.72
2016-06-10,747038,608020,1355058,0.81
2016-06-13,643171,482939,1126110,0.75
2016-06-14,686208,540641,1226849,0.79
2016-06-15,664323,449184,1113507,0.68
2016-06-16,728333,563198,1291531,0.77
2016-06-17,918995,577087,1496082,0.63
2016-06-20,710358,425416,1135774,0.6
2016-06-21,628619,403696,1032315,0.64
2016-06-22,551054,424543,975597,0.77
2016-06-23,615854,376271,992125,0.61
2016-06-24,835430,842349,1677779,1.01
2016-06-27,876090,713937,1590027,0.81
2016-06-28,770826,458582,1229408,0.59
2016-06-29,773078,445745,1218823,0.58
2016-06-30,743779,480502,1224281,0.65
2016-07-01,828860,472896,1301756,0.57
2016-07-05,591119,432070,1023189,0.73
2016-07-06,662230,501918,1164148,0.76
2016-07-07,723234,435767,1159001,0.6
2016-07-08,896569,468793,1365362,0.52
2016-07-11,850368,490810,1341178,0.58
2016-07-12,921353,542039,1463392,0.59
2016-07-13,737280,413248,1150528,0.56
2016-07-14,993624,528928,1522552,0.53
2016-07-15,926637,484334,1410971,0.52
2016-07-18,822066,567901,1389967,0.69
2016-07-19,820937,549197,1370134,0.67
2016-07-20,850542,485327,1335869,0.57
2016-07-21,834207,506596,1340803,0.61
2016-07-22,826222,490338,1316560,0.59
2016-07-25,695060,496212,1191272,0.71
2016-07-26,827104,631687,1458791,0.76
2016-07-27,974749,647552,1622301,0.66
2016-07-28,967086,596175,1563261,0.62
2016-07-29,873187,543734,1416921,0.62
2016-08-01,740096,530680,1270776,0.72
2016-08-02,737879,530144,1268023,0.72
2016-08-03,748938,442592,1191530,0.59
2016-08-04,739840,481424,1221264,0.65
2016-08-05,1022028,531228,1553256,0.52
2016-08-08,750977,435289,1186266,0.58
2016-08-09,698791,425168,1123959,0.61
2016-08-10,737217,458047,1195264,0.62
2016-08-11,771884,470446,1242330,0.61
2016-08-12,911645,501840,1413485,0.55
2016-08-15,965214,493750,1458964,0.51
2016-08-16,747106,522222,1269328,0.7
2016-08-17,868309,512240,1380549,0.59
2016-08-18,877349,476108,1353457,0.54
2016-08-19,939736,563858,1503594,0.6
2016-08-22,756508,474126,1230634,0.63
2016-08-23,746566,416434,1163000,0.56
2016-08-24,751994,509852,1261846,0.68
2016-08-25,621103,467199,1088302,0.75
2016-08-26,807128,587221,1394349,0.73
2016-08-29,665523,399625,1065148,0.6
2016-08-30,675596,423609,1099205,0.63
2016-08-31,666219,468917,1135136,0.7
2016-09-01,776773,542755,1319528,0.7
2016-09-02,817271,500179,1317450,0.61
2016-09-06,990330,498767,1489097,0.5
2016-09-07,822356,468161,1290517,0.57
2016-09-08,903643,551326,1454969,0.61
2016-09-09,1125556,883019,2008575,0.78
2016-09-12,748046,480659,1228705,0.64
2016-09-13,703006,529361,1232367,0.75
2016-09-14,949120,519484,1468604,0.55
2016-09-15,949130,667398,1616528,0.7
2016-09-16,1044130,674824,1718954,0.65
2016-09-19,931342,520501,1451843,0.56
2016-09-20,608669,402876,1011545,0.66
2016-09-21,785710,495530,1281240,0.63
2016-09-22,829701,476707,1306408,0.57
2016-09-23,904399,587980,1492379,0.65
2016-09-26,775354,569501,1344855,0.73
2016-09-27,750006,465212,1215218,0.62
2016-09-28,784449,508014,1292463,0.65
2016-09-29,853347,629331,1482678,0.74
2016-09-30,990168,606949,1597117,0.61
2016-10-03,518965,332215,851180,0.64
2016-10-04,805202,410635,1215837,0.51
2016-10-05,770896,449241,1220137,0.58
2016-10-06,793870,565689,1359559,0.71
2016-10-07,634927,434574,1069501,0.68
2016-10-10,649928,397117,1047045,0.61
2016-10-11,650116,489432,1139548,0.75
2016-10-12,537188,345367,882555,0.64
2016-10-13,669402,476717,1146119,0.71
2016-10-14,715484,488875,1204359,0.68
2016-10-17,677746,417696,1095442,0.62
2016-10-18,654468,451936,1106404,0.69
2016-10-19,882679,522220,1404899,0.59
2016-10-20,978152,513764,1491916,0.53
2016-10-21,1249229,695914,1945143,0.56
2016-10-24,877340,516812,1394152,0.59
2016-10-25,839103,577599,1416702,0.69
2016-10-26,781276,572257,1353533,0.73
2016-10-27,1024239,563813,1588052,0.55
2016-10-28,886789,689802,1576591,0.78
2016-10-31,605766,454430,1060196,0.75
2016-11-01,700198,604605,1304803,0.86
2016-11-02,702186,697220,1399406,0.99
2016-11-03,750895,558889,1309784,0.74
2016-11-04,951739,666015,1617754,0.7
2016-11-07,635221,435001,1070222,0.68
2016-11-08,610080,422844,1032924,0.69
2016-11-09,1133177,695764,1828941,0.61
2016-11-10,1387868,827502,2215370,0.6
2016-11-11,1178997,624523,1803520,0.53
2016-11-14,1204761,681461,1886222,0.57
2016-11-15,1034658,530572,1565230,0.51
2016-11-16,881406,558848,1440254,0.63
2016-11-17,984385,635296,1619681,0.65
2016-11-18,1001409,678807,1680216,0.68
2016-11-21,852475,483528,1336003,0.57
2016-11-22,874720,551658,1426378,0.63
2016-11-23,717560,432386,1149946,0.6
2016-11-25,420124,257802,677926,0.61
2016-11-28,770092,436091,1206183,0.57
2016-11-29,675253,418811,1094064,0.62
2016-11-30,885783,482739,1368522,0.54
2016-12-01,927413,616365,1543778,0.66
2016-12-02,763577,512573,1276150,0.67
2016-12-05,691376,435628,1127004,0.63
2016-12-06,677211,393141,1070352,0.58
2016-12-07,1080700,500973,1581673,0.46
2016-12-08,959884,482539,1442423,0.5
2016-12-09,1034013,543691,1577704,0.53
2016-12-12,803449,455794,1259243,0.57
2016-12-13,898833,486168,1385001,0.54
2016-12-14,849456,495316,1344772,0.58
2016-12-15,893624,527194,1420818,0.59
2016-12-16,1111475,683760,1795235,0.62
2016-12-19,728173,519589,1247762,0.71
2016-12-20,662001,418773,1080774,0.63
2016-12-21,551226,423518,974744,0.77
2016-12-22,592270,395947,988217,0.67
2016-12-23,506980,335134,842114,0.66
2016-12-27,530659,326986,857645,0.62
2016-12-28,536793,329357,866150,0.61
2016-12-29,569581,351566,921147,0.62
2016-12-30,592557,449912,1042469,0.76
2017-01-03,649779,445569,1095348,0.69
2017-01-04,687394,439978,1127372,0.64
2017-01-05,692416,478639,1171055,0.69
2017-01-06,803336,543756,1347092,0.68
2017-01-09,674531,416135,1090666,0.62
2017-01-10,668871,430665,1099536,0.64
2017-01-11,656952,411845,1068797,0.63
2017-01-12,656569,446356,1102925,0.68
2017-01-13,818442,518086,1336528,0.63
2017-01-17,778913,505014,1283927,0.65
2017-01-18,727069,487307,1214376,0.67
2017-01-19,969284,538164,1507448,0.56
2017-01-20,1125737,784988,1910725,0.7
2017-01-23,813314,584599,1397913,0.72
2017-01-24,920828,602018,1522846,0.65
2017-01-25,948681,575321,1524002,0.61
2017-01-26,936991,606704,1543695,0.65
2017-01-27,854832,625207,1480039,0.73
2017-01-30,653551,536980,1190531,0.82
2017-01-31,794933,557893,1352826,0.7
2017-02-01,903202,640885,1544087,0.71
2017-02-02,871496,556167,1427663,0.64
2017-02-03,881636,603265,1484901,0.68
2017-02-06,657170,490641,1147811,0.75
2017-02-07,794053,552194,1346247,0.7
2017-02-08,773686,532845,1306531,0.69
2017-02-09,993540,572091,1565631,0.58
2017-02-10,856881,599940,1456821,0.7
2017-02-13,865227,523520,1388747,0.61
2017-02-14,984271,518164,1502435,0.53
2017-02-15,1009984,589613,1599597,0.58
2017-02-16,952816,510622,1463438,0.54
2017-02-17,1092005,641036,1733041,0.59
2017-02-21,927005,567307,1494312,0.61
2017-02-22,847068,506663,1353731,0.6
2017-02-23,911460,567903,1479363,0.62
2017-02-24,852693,615915,1468608,0.72
2017-02-27,774156,484472,1258628,0.63
2017-02-28,739604,515112,1254716,0.7
2017-03-01,1205822,639721,1845543,0.53
2017-03-02,1032128,581908,1614036,0.56
2017-03-03,881610,619489,1501099,0.7
2017-03-06,803109,540454,1343563,0.67
2017-03-07,869076,468457,1337533,0.54
2017-03-08,868836,539360,1408196,0.62
2017-03-09,735507,526787,1262294,0.72
2017-03-10,903793,511666,1415459,0.57
2017-03-13,707320,496333,1203653,0.7
2017-03-14,666485,489700,1156185,0.73
2017-03-15,823472,500625,1324097,0.61
2017-03-16,876658,501491,1378149,0.57
2017-03-17,1176177,717936,1894113,0.61
2017-03-20,914014,588278,1502292,0.64
2017-03-21,1032128,814873,1847001,0.79
2017-03-22,754341,551384,1305725,0.73
2017-03-23,687968,463318,1151286,0.67
2017-03-24,760823,525693,1286516,0.69
2017-03-27,530483,308746,839229,0.58
2017-03-28,741957,444008,1185965,0.6
2017-03-29,762292,411210,1173502,0.54
2017-03-30,758297,441001,1199298,0.58
2017-03-31,790248,443073,1233321,0.56
2017-04-03,694779,464319,1159098,0.67
2017-04-04,651097,405812,1056909,0.62
2017-04-05,818417,496230,1314647,0.61
2017-04-06,635136,417391,1052527,0.66
2017-04-07,650754,432830,1083584,0.67
2017-04-10,643952,396670,1040622,0.62
2017-04-11,626999,497752,1124751,0.79
2017-04-12,633668,439276,1072944,0.69
2017-04-13,733434,703632,1437066,0.96
2017-04-17,664972,420194,1085166,0.63
2017-04-18,687485,429472,1116957,0.62
2017-04-19,713030,499195,1212225,0.7
2017-04-20,885010,600274,1485284,0.68
2017-04-21,980905,655836,1636741,0.67
2017-04-24,893517,544187,1437704,0.61
2017-04-25,1064307,646103,1710410,0.61
2017-04-26,841489,526082,1367571,0.63
2017-04-27,865201,627016,1492217,0.72
2017-04-28,1006433,687084,1693517,0.68
2017-05-01,799184,495378,1294562,0.62
2017-05-02,940053,572180,1512233,0.61
2017-05-03,907589,623196,1530785,0.69
2017-05-04,848531,651056,1499587,0.77
2017-05-05,862095,550581,1412676,0.64
2017-05-08,901718,538953,1440671,0.6
2017-05-09,940967,596282,1537249,0.63
2017-05-10,964876,596428,1561304,0.62
2017-05-11,937125,608303,1545428,0.65
2017-05-12,998126,566590,1564716,0.57
2017-05-15,993848,545842,1539690,0.55
2017-05-16,1138431,616836,1755267,0.54
2017-05-17,1168038,851371,2019409,0.73
2017-05-18,1044532,734306,1778838,0.7
2017-05-19,1105507,684075,1789582,0.62
2017-05-22,923272,496667,1419939,0.54
2017-05-23,813357,489108,1302465,0.6
2017-05-24,822776,510187,1332963,0.62
2017-05-25,1003599,595306,1598905,0.59
2017-05-26,780023,501670,1281693,0.64
2017-05-30,772623,526611,1299234,0.68
2017-05-31,837375,525667,1363042,0.63
2017-06-01,801253,526473,1327726,0.66
2017-06-02,930484,560803,1491287,0.6
2017-06-05,1013742,512819,1526561,0.51
2017-06-06,842134,497741,1339875,0.59
2017-06-07,832055,482770,1314825,0.58
2017-06-08,1059364,578765,1638129,0.55
2017-06-09,1345032,961963,2306995,0.72
2017-06-12,983309,667330,1650639,0.68
2017-06-13,743779,479193,1222972,0.64
2017-06-14,856105,570694,1426799,0.67
2017-06-15,864450,692107,1556557,0.8
2017-06-16,1021601,685519,1707120,0.67
2017-06-19,889433,516826,1406259,0.58
2017-06-20,702015,507122,1209137,0.72
2017-06-21,899739,527501,1427240,0.59
2017-06-22,991540,497405,1488945,0.5
2017-06-23,943495,543762,1487257,0.58
2017-06-26,777739,495882,1273621,0.64
2017-06-27,826466,497545,1324011,0.6
2017-06-28,815362,552385,1367747,0.68
2017-06-29,1078088,741777,1819865,0.69
2017-06-30,785145,525699,1310844,0.67
2017-07-03,479605,265739,745344,0.55
2017-07-05,686910,421687,1108597,0.61
2017-07-06,730025,476425,1206450,0.65
2017-07-07,895055,586846,1481901,0.66
2017-07-10,733531,468929,1202460,0.64
2017-07-11,648196,449863,1098059,0.69
2017-07-12,821639,491455,1313094,0.6
2017-07-13,868563,541563,1410126,0.62
2017-07-14,976652,520244,1496896,0.53
2017-07-17,782777,489244,1272021,0.63
2017-07-18,911208,561487,1472695,0.62
2017-07-19,1015147,569726,1584873,0.56
2017-07-20,1006735,534242,1540977,0.53
2017-07-21,1174275,660107,1834382,0.56
2017-07-24,813899,551470,1365369,0.68
2017-07-25,1080571,657035,1737606,0.61
2017-07-26,982399,642698,1625097,0.65
2017-07-27,1240558,883189,2123747,0.71
2017-07-28,1003684,630933,1634617,0.63
2017-07-31,802355,497551,1299906,0.62
2017-08-01,787418,503073,1290491,0.64
2017-08-02,942353,708985,1651338,0.75
2017-08-03,774741,547070,1321811,0.71
2017-08-04,892363,587528,1479891,0.66
2017-08-07,710500,545023,1255523,0.77
2017-08-08,920532,621127,1541659,0.67
2017-08-09,754195,628435,1382630,0.83
2017-08-10,823551,727178,1550729,0.88
2017-08-11,729994,687810,1417804,0.94
2017-08-14,692332,410095,1102427,0.59
2017-08-15,794282,543035,1337317,0.68
2017-08-16,816057,507342,1323399,0.62
2017-08-17,810283,632705,1442988,0.78
2017-08-18,899141,741621,1640762,0.82
2017-08-21,748374,424392,1172766,0.57
2017-08-22,802681,443776,1246457,0.55
2017-08-23,702663,406253,1108916,0.58
2017-08-24,658211,455653,1113864,0.69
2017-08-25,685990,471455,1157445,0.69
2017-08-28,668363,364369,1032732,0.55
2017-08-29,673057,411515,1084572,0.61
2017-08-30,708226,401363,1109589,0.57
2017-08-31,769923,439117,1209040,0.57
2017-09-01,863637,484585,1348222,0.56
2017-09-05,787424,531004,1318428,0.67
2017-09-06,716553,399029,1115582,0.56
2017-09-07,901271,496641,1397912,0.55
2017-09-08,830893,603930,1434823,0.73
2017-09-11,884162,578887,1463049,0.65
2017-09-12,999284,580890,1580174,0.58
2017-09-13,946228,517562,1463790,0.55
2017-09-14,930834,523494,1454328,0.56
2017-09-15,1054775,667640,1722415,0.63
2017-09-18,910932,559663,1470595,0.61
2017-09-19,742735,498026,1240761,0.67
2017-09-20,969882,594347,1564229,0.61
2017-09-21,781621,518848,1300469,0.66
2017-09-22,728184,557495,1285679,0.77
2017-09-25,917063,584122,1501185,0.64
2017-09-26,771111,531812,1302923,0.69
2017-09-27,868117,527812,1395929,0.61
2017-09-28,845078,436622,1281700,0.52
2017-09-29,841513,499101,1340614,0.59
2017-10-02,917661,563946,1481607,0.61
2017-10-03,812719,538382,1351101,0.66
2017-10-04,766713,448462,1215175,0.58
2017-10-05,818779,563503,1382282,0.69
2017-10-06,755229,527204,1282433,0.7
2017-10-09,746683,547340,1294023,0.73
2017-10-10,832289,452119,1284408,0.54
2017-10-11,735067,456975,1192042,0.62
2017-10-12,825744,577596,1403340,0.7
2017-10-13,953477,619436,1572913,0.65
2017-10-16,838935,583332,1422267,0.7
2017-10-17,923267,613431,1536698,0.66
2017-10-18,927101,667445,1594546,0.72
2017-10-19,1047186,729656,1776842,0.7
2017-10-20,1356600,816522,2173122,0.6
2017-10-23,1011712,656849,1668561,0.65
2017-10-24,973185,609293,1582478,0.63
2017-10-25,930982,657223,1588205,0.71
2017-10-26,1077235,660915,1738150,0.61
2017-10-27,1441991,793570,2235561,0.55
2017-10-30,973363,667203,1640566,0.69
2017-10-31,986299,567090,1553389,0.57
2017-11-01,1088633,771145,1859778,0.71
2017-11-02,1067367,669943,1737310,0.63
2017-11-03,1100554,661987,1762541,0.6
2017-11-06,1127011,685571,1812582,0.61
2017-11-07,961060,611395,1572455,0.64
2017-11-08,892461,609381,1501842,0.68
2017-11-09,1034980,658122,1693102,0.64
2017-11-10,904960,596367,1501327,0.66
2017-11-13,920230,632128,1552358,0.69
2017-11-14,999781,624467,1624248,0.62
2017-11-15,791806,584662,1376468,0.74
2017-11-16,1065905,687405,1753310,0.64
2017-11-17,1236983,694225,1931208,0.56
2017-11-20,905561,533482,1439043,0.59
2017-11-21,927766,534424,1462190,0.58
2017-11-22,827802,472575,1300377,0.57
2017-11-24,539670,335439,875109,0.62
2017-11-27,823800,505182,1328982,0.61
2017-11-28,1058682,532998,1591680,0.5
2017-11-29,1507452,776910,2284362,0.52
2017-11-30,1124636,616211,1740847,0.55
2017-12-01,905820,567231,1473051,0.63
2017-12-04,1158484,648666,1807150,0.56
2017-12-05,827228,468921,1296149,0.57
2017-12-06,751845,503753,1255598,0.67
2017-12-07,789415,457484,1246899,0.58
2017-12-08,843575,501996,1345571,0.6
2017-12-11,781234,495745,1276979,0.63
2017-12-12,1027042,526105,1553147,0.51
2017-12-13,904850,516195,1421045,0.57
2017-12-14,957317,577220,1534537,0.6
2017-12-15,1205472,688259,1893731,0.57
2017-12-18,1046262,521768,1568030,0.5
2017-12-19,857115,453987,1311102,0.53
2017-12-20,852844,474158,1327002,0.56
2017-12-21,847770,472857,1320627,0.56
2017-12-22,723795,464097,1187892,0.64
2017-12-26,608935,353448,962383,0.58
2017-12-27,577530,315080,892610,0.55
2017-12-28,545173,309655,854828,0.57
2017-12-29,729716,429703,1159419,0.59
2018-01-02,1076447,504836,1581283,0.47
2018-01-03,1139510,612481,1751991,0.54
2018-01-04,1305082,646239,1951321,0.5
2018-01-05,1157808,666466,1824274,0.58
2018-01-08,1091985,685608,1777593,0.63
2018-01-09,951490,569836,1521326,0.6
2018-01-10,966939,631357,1598296,0.65
2018-01-11,1252912,622089,1875001,0.5
2018-01-12,1432116,709975,2142091,0.5
2018-01-16,1417959,693397,2111356,0.49
2018-01-17,1293702,619137,1912839,0.48
2018-01-18,1162233,649195,1811428,0.56
2018-01-19,1502514,844728,2347242,0.56
2018-01-22,1177183,657283,1834466,0.56
2018-01-23,1264616,658747,1923363,0.52
2018-01-24,1412802,754059,2166861,0.53
2018-01-25,1159119,648083,1807202,0.56
2018-01-26,1389697,677907,2067604,0.49
2018-01-29,1110626,627804,1738430,0.57
2018-01-30,1021980,620521,1642501,0.61
2018-01-31,1070303,631533,1701836,0.59
2018-02-01,1071400,627629,1699029,0.59
2018-02-02,1128438,867766,1996204,0.77
2018-02-05,1100575,799847,1900422,0.73
2018-02-06,943886,711294,1655180,0.75
2018-02-07,879037,594585,1473622,0.68
2018-02-08,960633,725012,1685645,0.75
2018-02-09,1104508,967087,2071595,0.88
2018-02-12,839057,565147,1404204,0.67
2018-02-13,708555,515164,1223719,0.73
2018-02-14,1032427,611912,1644339,0.59
2018-02-15,1191199,727827,1919026,0.61
2018-02-16,1319454,691446,2010900,0.52
2018-02-20,961872,636916,1598788,0.66
2018-02-21,921300,535501,1456801,0.58
2018-02-22,877102,555462,1432564,0.63
2018-02-23,986461,607289,1593750,0.62
2018-02-26,1034829,614035,1648864,0.59
2018-02-27,894420,560256,1454676,0.63
2018-02-28,930206,622549,1552755,0.67
2018-03-01,1100954,791509,1892463,0.72
2018-03-02,1061712,758367,1820079,0.71
2018-03-05,934275,514775,1449050,0.55
2018-03-06,906597,472145,1378742,0.52
2018-03-07,870868,507156,1378024,0.58
2018-03-08,817333,498391,1315724,0.61
2018-03-09,1258947,671967,1930914,0.53
2018-03-12,1048292,598058,1646350,0.57
2018-03-13,1070713,615360,1686073,0.57
2018-03-14,866506,597685,1464191,0.69
2018-03-15,852703,532981,1385684,0.63
2018-03-16,1032425,654698,1687123,0.63
2018-03-19,967041,648646,1615687,0.67
2018-03-20,846066,578492,1424558,0.68
2018-03-21,826165,510571,1336736,0.62
2018-03-22,868595,643022,1511617,0.74
2018-03-23,1110198,848106,1958304,0.76
2018-03-26,959031,608120,1567151,0.63
2018-03-27,913665,649671,1563336,0.71
2018-03-28,845151,577929,1423080,0.68
2018-03-29,926248,582438,1508686,0.63
2018-04-02,764054,588316,1352370,0.77
2018-04-03,690499,449427,1139926,0.65
2018-04-04,760641,476721,1237362,0.63
2018-04-05,927532,569544,1497076,0.61
2018-04-06,766021,585394,1351415,0.76
2018-04-09,711361,432199,1143560,0.61
2018-04-10,838295,475223,1313518,0.57
2018-04-11,753405,491077,1244482,0.65
2018-04-12,868455,572499,1440954,0.66
2018-04-13,1050072,696700,1746772,0.66
2018-04-16,914223,583158,1497381,0.64
2018-04-17,1037912,708380,1746292,0.68
2018-04-18,1077154,604574,1681728,0.56
2018-04-19,1129542,728277,1857819,0.64
2018-04-20,1414881,913725,2328606,0.65
2018-04-23,902235,551357,1453592,0.61
2018-04-24,1014287,690493,1704780,0.68
2018-04-25,1056078,735513,1791591,0.7
2018-04-26,1264763,768857,2033620,0.61
2018-04-27,1190484,761371,1951855,0.64
2018-04-30,854217,524070,1378287,0.61
2018-05-01,772602,525886,1298488,0.68
2018-05-02,902455,586391,1488846,0.65
2018-05-03,938226,709407,1647633,0.76
2018-05-04,1136638,625971,1762609,0.55
2018-05-07,969102,522133,1491235,0.54
2018-05-08,804872,488489,1293361,0.61
2018-05-09,1138939,662698,1801637,0.58
2018-05-10,1109635,565811,1675446,0.51
2018-05-11,976251,585117,1561368,0.6
2018-05-14,932964,577082,1510046,0.62
2018-05-15,776102,480965,1257067,0.62
2018-05-16,990611,499498,1490109,0.5
2018-05-17,1057104,600947,1658051,0.57
2018-05-18,1092969,716839,1809808,0.66
2018-05-21,937777,507509,1445286,0.54
2018-05-22,903015,522857,1425872,0.58
2018-05-23,765565,495002,1260567,0.65
2018-05-24,902241,576382,1478623,0.64
2018-05-25,1027495,628076,1655571,0.61
2018-05-29,914287,595341,1509628,0.65
2018-05-30,917442,516448,1433890,0.56
2018-05-31,918325,578640,1496965,0.63
2018-06-01,1185033,664360,1849393,0.56
2018-06-04,1070798,587803,1658601,0.55
2018-06-05,1119436,534756,1654192,0.48
2018-06-06,1134561,596175,1730736,0.53
2018-06-07,1164971,656252,1821223,0.56
2018-06-08,1013083,606198,1619281,0.6
2018-06-11,1033475,558167,1591642,0.54
2018-06-12,1121773,556234,1678007,0.5
2018-06-13,1119311,606372,1725683,0.54
2018-06-14,1261302,629148,1890450,0.5
2018-06-15,1347480,826683,2174163,0.61
2018-06-18,1011610,545529,1557139,0.54
2018-06-19,1008678,597572,1606250,0.59
2018-06-20,1020741,575236,1595977,0.56
2018-06-21,1023040,575792,1598832,0.56
2018-06-22,1017163,574349,1591512,0.56
2018-06-25,1170048,712240,1882288,0.61
2018-06-26,987158,514092,1501250,0.52
2018-06-27,959777,640650,1600427,0.67
2018-06-28,784221,506913,1291134,0.65
2018-06-29,838924,581281,1420205,0.69
2018-07-02,648123,375428,1023551,0.58
2018-07-03,470195,312771,782966,0.67
2018-07-05,763068,460583,1223651,0.6
2018-07-06,871060,499995,1371055,0.57
2018-07-09,989968,523059,1513027,0.53
2018-07-10,756583,556971,1313554,0.74
2018-07-11,704583,418971,1123554,0.59
2018-07-12,946550,525993,1472543,0.56
2018-07-13,1102698,679760,1782458,0.62
2018-07-16,858956,604182,1463138,0.7
2018-07-17,908770,593431,1502201,0.65
2018-07-18,931611,519461,1451072,0.56
2018-07-19,1047570,650451,1698021,0.62
2018-07-20,1348533,895449,2243982,0.66
2018-07-23,1037451,567194,1604645,0.55
2018-07-24,1028864,647937,1676801,0.63
2018-07-25,1020610,619039,1639649,0.61
2018-07-26,1187715,748780,1936495,0.63
2018-07-27,1181334,789657,1970991,0.67
2018-07-30,989211,715707,1704918,0.72
2018-07-31,921499,637783,1559282,0.69
2018-08-01,972475,653474,1625949,0.67
2018-08-02,1231530,709735,1941265,0.58
2018-08-03,1043634,587821,1631455,0.56
2018-08-06,883603,550287,1433890,0.62
2018-08-07,963316,617763,1581079,0.64
2018-08-08,922686,571882,1494568,0.62
2018-08-09,987010,611652,1598662,0.62
2018-08-10,935697,652943,1588640,0.7
2018-08-13,865026,554120,1419146,0.64
2018-08-14,920750,609710,1530460,0.66
2018-08-15,1103165,728201,1831366,0.66
2018-08-16,1145049,687191,1832240,0.6
2018-08-17,1242892,867592,2110484,0.7
2018-08-20,1038005,569867,1607872,0.55
2018-08-21,932105,545101,1477206,0.58
2018-08-22,844777,503585,1348362,0.6
2018-08-23,989520,606644,1596164,0.61
2018-08-24,1019951,579479,1599430,0.57
2018-08-27,1204342,632416,1836758,0.53
2018-08-28,940682,500470,1441152,0.53
2018-08-29,1092654,597557,1690211,0.55
2018-08-30,1107857,645867,1753724,0.58
2018-08-31,1007700,633690,1641390,0.63
2018-09-04,1021076,604418,1625494,0.59
2018-09-05,1098548,684955,1783503,0.62
2018-09-06,1047128,774189,1821317,0.74
2018-09-07,1000715,686393,1687108,0.69
2018-09-10,844877,519797,1364674,0.62
2018-09-11,913473,556172,1469645,0.61
2018-09-12,1132988,625266,1758254,0.55
2018-09-13,1340299,669873,2010172,0.5
2018-09-14,1083914,624258,1708172,0.58
2018-09-17,917979,583455,1501434,0.64
2018-09-18,988476,546089,1534565,0.55
2018-09-19,1152609,661845,1814454,0.57
2018-09-20,1253679,703351,1957030,0.56
2018-09-21,1303787,737258,2041045,0.57
2018-09-24,885457,558660,1444117,0.63
2018-09-25,981752,509042,1490794,0.52
2018-09-26,931837,554063,1485900,0.59
2018-09-27,860657,521525,1382182,0.61
2018-09-28,1123618,717647,1841265,0.64
2018-10-01,979404,556812,1536216,0.57
2018-10-02,1000549,544094,1544643,0.54
2018-10-03,1034256,577107,1611363,0.56
2018-10-04,998160,713835,1711995,0.72
2018-10-05,1001382,837644,1839026,0.84
2018-10-08,879048,578116,1457164,0.66
2018-10-09,906730,558308,1465038,0.62
2018-10-10,1131971,838732,1970703,0.74
2018-10-11,1153572,788231,1941803,0.68
2018-10-12,1073127,715188,1788315,0.67
2018-10-15,821270,499956,1321226,0.61
2018-10-16,931375,583267,1514642,0.63
2018-10-17,915666,621882,1537548,0.68
2018-10-18,924537,679274,1603811,0.73
2018-10-19,1101743,906243,2007986,0.82
2018-10-22,907384,519810,1427194,0.57
2018-10-23,1165828,705894,1871722,0.61
2018-10-24,1121227,794647,1915874,0.71
2018-10-25,1182403,778374,1960777,0.66
2018-10-26,1153070,922536,2075606,0.8
2018-10-29,1036298,767001,1803299,0.74
2018-10-30,1121688,774001,1895689,0.69
2018-10-31,1147893,747335,1895228,0.65
2018-11-01,1349684,683966,2033650,0.51
2018-11-02,1218285,833458,2051743,0.68
2018-11-05,852962,518337,1371299,0.61
2018-11-06,751979,500980,1252959,0.67
2018-11-07,1137300,669016,1806316,0.59
2018-11-08,936771,596764,1533535,0.64
2018-11-09,1051286,836858,1888144,0.8
2018-11-12,861263,625188,1486451,0.73
2018-11-13,876613,613813,1490426,0.7
2018-11-14,951926,773688,1725614,0.81
2018-11-15,900049,659941,1559990,0.73
2018-11-16,1037595,763156,1800751,0.74
2018-11-19,932034,675303,1607337,0.72
2018-11-20,967305,794113,1761418,0.82
2018-11-21,670296,488856,1159152,0.73
2018-11-23,418598,357318,775916,0.85
2018-11-26,814666,519950,1334616,0.64
2018-11-27,694457,487038,1181495,0.7
2018-11-28,958428,593364,1551792,0.62
2018-11-29,886977,506021,1392998,0.57
2018-11-30,999559,526506,1526065,0.53
2018-12-03,1077314,609209,1686523,0.57
2018-12-04,910062,632459,1542521,0.69
2018-12-06,926238,787251,1713489,0.85
2018-12-07,952729,731755,1684484,0.77
2018-12-10,962080,670464,1632544,0.7
2018-12-11,663800,431283,1095083,0.65
2018-12-12,769190,475230,1244420,0.62
2018-12-13,668389,499556,1167945,0.75
2018-12-14,808892,639628,1448520,0.79
2018-12-17,675923,658420,1334343,0.97
2018-12-18,736892,507383,1244275,0.69
2018-12-19,754723,640131,1394854,0.85
2018-12-20,947724,865645,1813369,0.91
2018-12-21,879492,989679,1869171,1.13
2018-12-24,510716,403762,914478,0.79
2018-12-26,940209,585603,1525812,0.62
2018-12-27,738959,535793,1274752,0.73
2018-12-28,1126242,491363,1617605,0.44
2018-12-31,590501,356597,947098,0.6
2019-01-02,661620,441647,1103267,0.67
2019-01-03,855141,622457,1477598,0.73
2019-01-04,1252477,740897,1993374,0.59
2019-01-07,1014161,604667,1618828,0.6
2019-01-08,922520,583097,1505617,0.63
2019-01-09,1010544,600185,1610729,0.59
2019-01-10,895503,584037,1479540,0.65
2019-01-11,1108280,849105,1957385,0.77
2019-01-14,878155,568896,1447051,0.65
2019-01-15,932512,655126,1587638,0.7
2019-01-16,985591,591959,1577550,0.6
2019-01-17,1307123,679779,1986902,0.52
2019-01-18,1656518,895294,2551812,0.54
2019-01-22,1037183,666392,1703575,0.64
2019-01-23,878205,560465,1438670,0.64
2019-01-24,916000,655693,1571693,0.72
2019-01-25,1361308,696172,2057480,0.51
2019-01-28,820622,624306,1444928,0.76
2019-01-29,850592,575534,1426126,0.68
2019-01-30,1236083,780028,2016111,0.63
2019-01-31,1438657,762358,2201015,0.53
2019-02-01,1114041,671624,1785665,0.6
2019-02-04,1003638,597181,1600819,0.6
2019-02-05,1065048,599883,1664931,0.56
2019-02-06,1000045,640447,1640492,0.64
2019-02-07,1008551,706989,1715540,0.7
2019-02-08,1078626,662819,1741445,0.61
2019-02-11,768348,464223,1232571,0.6
2019-02-12,996011,570208,1566219,0.57
2019-02-13,1048740,596519,1645259,0.57
2019-02-14,998836,598491,1597327,0.6
2019-02-15,1310202,676710,1986912,0.52
2019-02-19,1018647,620374,1639021,0.61
2019-02-20,1142856,621668,1764524,0.54
2019-02-21,869622,572259,1441881,0.66
2019-02-22,1198875,750866,1949741,0.63
2019-02-25,1237274,685238,1922512,0.55
2019-02-26,953320,571734,1525054,0.6
2019-02-27,1041781,564022,1605803,0.54
2019-02-28,1103692,695722,1799414,0.63
2019-03-01,1250034,744655,1994689,0.6
2019-03-04,1079635,719577,1799212,0.67
2019-03-05,1024928,681959,1706887,0.67
2019-03-06,991028,697993,1689021,0.7
2019-03-07,940954,718836,1659790,0.76
2019-03-08,929767,693735,1623502,0.75
2019-03-11,1047523,594619,1642142,0.57
2019-03-12,964175,638469,1602644,0.66
2019-03-13,1127424,589729,1717153,0.52
2019-03-14,999100,649302,1648402,0.65
2019-03-15,1458375,826746,2285121,0.57
2019-03-18,1112544,576718,1689262,0.52
2019-03-19,1078623,620918,1699541,0.58
2019-03-20,1038745,604610,1643355,0.58
2019-03-21,1294919,658201,1953120,0.51
2019-03-22,1144705,775827,1920532,0.68
2019-03-25,901765,560325,1462090,0.62
2019-03-26,742805,486417,1229222,0.65
2019-03-27,848465,585373,1433838,0.69
2019-03-28,709462,501508,1210970,0.71
2019-03-29,936380,608984,1545364,0.65
2019-04-01,931739,568565,1500304,0.61
2019-04-02,881986,499054,1381040,0.57
2019-04-03,1085843,566160,1652003,0.52
2019-04-04,846444,496533,1342977,0.59
2019-04-05,1010592,597843,1608435,0.59
2019-04-08,846951,578942,1425893,0.68
2019-04-09,912676,525321,1437997,0.58
2019-04-10,830752,515616,1346368,0.62
2019-04-11,806635,536535,1343170,0.67
2019-04-12,1281130,688106,1969236,0.54
2019-04-15,869422,497774,1367196,0.57
2019-04-16,1095380,638821,1734201,0.58
2019-04-17,1268430,692802,1961232,0.55
2019-04-18,1201213,740227,1941440,0.62
2019-04-22,966506,578253,1544759,0.6
2019-04-23,1135704,668685,1804389,0.59
2019-04-24,1001346,596515,1597861,0.6
2019-04-25,1201612,690907,1892519,0.57
2019-04-26,1227766,772592,2000358,0.63
2019-04-29,1106508,674174,1780682,0.61
2019-04-30,1032818,668938,1701756,0.65
2019-05-01,1204723,764643,1969366,0.63
2019-05-02,1109963,708637,1818600,0.64
2019-05-03,1258967,651176,1910143,0.52
2019-05-06,963040,607530,1570570,0.63
2019-05-07,1062079,727217,1789296,0.68
2019-05-08,850759,558340,1409099,0.66
2019-05-09,1023761,716578,1740339,0.7
2019-05-10,1016185,815091,1831276,0.8
2019-05-13,965156,758814,1723970,0.79
2019-05-14,865620,603876,1469496,0.7
2019-05-15,889012,681752,1570764,0.77
2019-05-16,1114336,730249,1844585,0.66
2019-05-17,1084448,877762,1962210,0.81
2019-05-20,1074402,703725,1778127,0.65
2019-05-21,913247,518154,1431401,0.57
2019-05-22,841043,607282,1448325,0.72
2019-05-23,988866,791748,1780614,0.8
2019-05-24,882744,671818,1554562,0.76
2019-05-28,862138,588704,1450842,0.68
2019-05-29,979704,621859,1601563,0.63
2019-05-30,900243,574384,1474627,0.64
2019-05-31,963329,795843,1759172,0.83
2019-06-03,979370,659855,1639225,0.67
2019-06-04,999117,668182,1667299,0.67
2019-06-05,964134,616954,1581088,0.64
2019-06-06,951530,632090,1583620,0.66
2019-06-07,1277782,653832,1931614,0.51
2019-06-10,1148733,659584,1808317,0.57
2019-06-11,939542,614894,1554436,0.65
2019-06-12,807702,618660,1426362,0.77
2019-06-13,877774,548758,1426532,0.63
2019-06-14,904100,569657,1473757,0.63
2019-06-17,870584,626163,1496747,0.72
2019-06-18,1117072,617389,1734461,0.55
2019-06-19,897759,547291,1445050,0.61
2019-06-20,1148393,599359,1747752,0.52
2019-06-21,1208726,645304,1854030,0.53
2019-06-24,858390,507784,1366174,0.59
2019-06-25,867248,544717,1411965,0.63
2019-06-26,896339,599589,1495928,0.67
2019-06-27,880443,509219,1389662,0.58
2019-06-28,1054906,584246,1639152,0.55
2019-07-01,1019617,666750,1686367,0.65
2019-07-02,735974,485435,1221409,0.66
2019-07-03,647327,414050,1061377,0.64
2019-07-05,836671,508795,1345466,0.61
2019-07-08,840533,529644,1370177,0.63
2019-07-09,941111,548213,1489324,0.58
2019-07-10,1072189,547357,1619546,0.51
2019-07-11,957745,587753,1545498,0.61
2019-07-12,1082878,593296,1676174,0.55
2019-07-15,807742,473581,1281323,0.59
2019-07-16,876077,541638,1417715,0.62
2019-07-17,828522,554443,1382965,0.67
2019-07-18,973173,587478,1560651,0.6
2019-07-19,1074312,647865,1722177,0.6
2019-07-22,878629,624491,1503120,0.71
2019-07-23,990645,607726,1598371,0.61
2019-07-24,1033192,684552,1717744,0.66
2019-07-25,1015283,689682,1704965,0.68
2019-07-26,1117110,674953,1792063,0.6
2019-07-29,840877,594920,1435797,0.71
2019-07-30,851995,618704,1470699,0.73
2019-07-31,1095430,682247,1777677,0.62
2019-08-01,1062839,797472,1860311,0.75
2019-08-02,1015573,888014,1903587,0.87
2019-08-05,961684,812339,1774023,0.84
2019-08-06,860334,672164,1532498,0.78
2019-08-07,883268,685729,1568997,0.78
2019-08-08,996781,617243,1614024,0.62
2019-08-09,874906,594070,1468976,0.68
2019-08-12,767458,599239,1366697,0.78
2019-08-13,884175,583924,1468099,0.66
2019-08-14,1022609,858059,1880668,0.84
2019-08-15,974585,953303,1927888,0.98
2019-08-16,1187690,800064,1987754,0.67
2019-08-19,1076910,589277,1666187,0.55
2019-08-20,845798,587627,1433425,0.69
2019-08-21,939289,567470,1506759,0.6
2019-08-22,768310,568720,1337030,0.74
2019-08-23,992661,874414,1867075,0.88
2019-08-26,758100,439235,1197335,0.58
2019-08-27,844488,537569,1382057,0.64
2019-08-28,773692,492053,1265745,0.64
2019-08-29,881877,581314,1463191,0.66
2019-08-30,808357,551481,1359838,0.68
2019-09-03,694019,508049,1202068,0.73
2019-09-04,896626,611632,1508258,0.68
2019-09-05,1202776,641162,1843938,0.53
2019-09-06,1029754,577475,1607229,0.56
2019-09-09,1196821,707290,1904111,0.59
2019-09-10,1151728,747046,1898774,0.65
2019-09-11,1308692,705249,2013941,0.54
2019-09-12,1103457,610116,1713573,0.55
2019-09-13,977275,607781,1585056,0.62
2019-09-16,968232,658040,1626272,0.68
2019-09-17,851323,477486,1328809,0.56
2019-09-18,828372,583584,1411956,0.7
2019-09-19,996626,662944,1659570,0.67
2019-09-20,1296617,840375,2136992,0.65
2019-09-23,992236,640296,1632532,0.65
2019-09-24,1141623,802384,1944007,0.7
2019-09-25,903105,604220,1507325,0.67
2019-09-26,828076,613123,1441199,0.74
2019-09-27,1183999,855110,2039109,0.72
2019-09-30,641619,430827,1072446,0.67
2019-10-01,850323,616939,1467262,0.73
2019-10-02,794943,665991,1460934,0.84
2019-10-03,847645,656572,1504217,0.77
2019-10-04,916877,598296,1515173,0.65
2019-10-07,499571.0,347481.0,847052.0,0.7
2019-10-08,713496.0,466426.0,1179922.0,0.65
2019-10-09,586752.0,346043.0,932795.0,0.59
2019-10-10,818445.0,476546.0,1294991.0,0.58
2019-10-11,1197648.0,664707.0,1862355.0,0.56
2019-10-14,660651.0,404221.0,1064872.0,0.61
2019-10-15,1069358.0,593020.0,1662378.0,0.55
2019-10-16,936028.0,588366.0,1524394.0,0.63
2019-10-17,1019391.0,609922.0,1629313.0,0.6
2019-10-18,1227903.0,845661.0,2073564.0,0.69
2019-10-21,1021800.0,623701.0,1645501.0,0.61
2019-10-22,1072290.0,648920.0,1721210.0,0.61
2019-10-23,956983.0,660252.0,1617235.0,0.69
2019-10-24,1105727.0,751053.0,1856780.0,0.68
2019-10-25,1173928.0,661480.0,1835408.0,0.56
2019-10-28,869490.0,446905.0,1316395.0,0.51
2019-10-29,1108309.0,611743.0,1720052.0,0.55
2019-10-30,1112393.0,669892.0,1782285.0,0.6
2019-10-31,1138986.0,807905.0,1946891.0,0.71
2019-11-01,1310422.0,693878.0,2004300.0,0.53
2019-11-04,1478964.0,791284.0,2270248.0,0.54
2019-11-05,1225300.0,711548.0,1936848.0,0.58
2019-11-06,1110149.0,696600.0,1806749.0,0.63
2019-11-07,1406632.0,753545.0,2160177.0,0.54
2019-11-08,1234163.0,732151.0,1966314.0,0.59
2019-11-11,969084.0,590474.0,1559558.0,0.61
2019-11-12,1159301.0,688531.0,1847832.0,0.59
2019-11-13,1160880.0,668607.0,1829487.0,0.58
2019-11-14,1294073.0,609311.0,1903384.0,0.47
2019-11-15,1619511.0,792026.0,2411537.0,0.49
2019-11-18,1304347.0,720252.0,2024599.0,0.55
2019-11-19,1126663.0,652013.0,1778676.0,0.58
2019-11-20,1129461.0,721353.0,1850814.0,0.64
2019-11-21,998396.0,584335.0,1582731.0,0.59
2019-11-22,1134580.0,659960.0,1794540.0,0.58
2019-11-25,1005076.0,636312.0,1641388.0,0.63
2019-11-26,974482.0,554580.0,1529062.0,0.57
2019-11-27,980600.0,572674.0,1553274.0,0.58
2019-11-28,1680441.0,795529.0,2475970.0,0.47
2019-11-29,539757.0,321000.0,860757.0,0.59
2019-12-02,991546.0,654018.0,1645564.0,0.66
2019-12-03,1002067.0,704564.0,1706631.0,0.7
2019-12-04,883060.0,478535.0,1361595.0,0.54
2019-12-05,772662.0,503919.0,1276581.0,0.65
2019-12-06,1204297.0,642613.0,1846910.0,0.53
2019-12-09,918390.0,587258.0,1505648.0,0.64
2019-12-10,841591.0,643178.0,1484769.0,0.76
2019-12-11,1054117.0,552622.0,1606739.0,0.52
2019-12-12,1397487.0,628085.0,2025572.0,0.45
2019-12-13,1229546.0,679551.0,1909097.0,0.55
2019-12-16,1364895.0,829401.0,2194296.0,0.61
2019-12-17,1045818.0,552848.0,1598666.0,0.53
2019-12-18,1124873.0,550276.0,1675149.0,0.49
2019-12-19,1486510.0,796768.0,2283278.0,0.54
2019-12-20,1752106.0,803198.0,2555304.0,0.46
2019-12-23,1182262.0,640391.0,1822653.0,0.54
2019-12-24,590330.0,304596.0,894926.0,0.52
2019-12-26,1150283.0,499237.0,1649520.0,0.43
2019-12-27,1161024.0,698615.0,1859639.0,0.6
2019-12-30,871002.0,511572.0,1382574.0,0.59
2019-12-31,760197.0,422179.0,1182376.0,0.56
